% # columns="iteration, evaluation, sigma, max axis length,  min axis length, all principle axes lengths  (sorted square roots of eigenvalues of C)", seed=856356, Wed Oct 20 14:27:37 2021
1 9 0.233042207763314 1.0000428580612375 1.0 1.0 1.0000071428826531 1.000014285816327 1.000021428801022 1.0000285718367385 1.0000357149234769 1.0000428580612375
2 18 0.24989082495456413 1.1656482563624495 0.9324794657262506 0.9324794657262506 0.9705148324297894 0.9788520254820279 1.0082759959033125 1.0241879227336326 1.0624720460144446 1.1656482563624495
3 27 0.30688417200082024 1.140051746872547 0.8881270550352585 0.8881270550352585 0.9405819547034466 0.9775985459016426 1.0279977540451037 1.0618862686576036 1.095914806397814 1.140051746872547
4 36 0.347733366157763 1.1894197929563648 0.9064136541421917 0.9064136541421917 0.9265983044939691 1.000259550540172 1.0287845627793897 1.0653833345630956 1.0943240876769007 1.1894197929563648
5 45 0.45719518433937406 1.2318119887732564 0.8998136704230165 0.8998136704230165 0.9256586068563981 0.9517188039962751 0.9883966823092287 1.0447630039685953 1.1624265364812616 1.2318119887732564
6 54 0.6441163609886963 1.3289306376805508 0.8853459522542474 0.8853459522542474 0.9121068992818423 0.9402727193756363 0.9968705224002197 0.999371111703299 1.16144971056572 1.3289306376805508
7 63 0.8598345046836433 1.3468810406716487 0.8476141854910872 0.8476141854910872 0.9048680146881012 0.9779095258772397 0.9973792182094394 1.0077077759306021 1.190893674391835 1.3468810406716487
8 72 1.1898053718081063 1.3868486116015475 0.829085362436988 0.829085362436988 0.8983908525314586 0.9860729963247676 1.0034284332587498 1.026950577581874 1.1930245325067077 1.3868486116015475
9 81 1.511700791787564 1.3880790397014258 0.8083576408987552 0.8083576408987552 0.9123351491761085 0.9626291432088284 0.9851346837856597 1.0543231239694637 1.2104309574148184 1.3880790397014258
10 90 1.7260905164471978 1.3794248544097436 0.7860549119035692 0.7860549119035692 0.9080871387894559 0.9254078985177766 0.9907910254554333 1.0547595533917293 1.1994293081562792 1.3794248544097436
11 99 2.1625384107165595 1.3309261112760762 0.7776054542639356 0.7776054542639356 0.8632127529601646 0.8959062067104369 0.9886265164447994 1.0340217496567592 1.2044606523304515 1.3309261112760762
12 108 2.459108238266264 1.3177182693691285 0.7628868352150873 0.7628868352150873 0.8662310756002821 0.8866589209320972 0.9622420385787238 1.0241379914260746 1.223435577002336 1.3177182693691285
13 117 2.9082105978173534 1.2449891177317147 0.7556839375378884 0.7556839375378884 0.8725985107238563 0.9264529398703496 0.9825837583984373 1.0401455958559658 1.178209799826338 1.2449891177317147
14 126 3.295635138863161 1.2505142812988228 0.7588579895527838 0.7588579895527838 0.8580896314952877 0.9343813037819152 0.9687797411904092 1.0880722571200871 1.1525121899898552 1.2505142812988228
15 135 3.6585160023878998 1.2676379972294918 0.7752036122671623 0.7752036122671623 0.8406793033466358 0.9278932688205586 0.9813325878093043 1.0644483336858084 1.1919595508435903 1.2676379972294918
16 144 4.268425305612035 1.3045606687199247 0.7098566636220709 0.7098566636220709 0.8251923230833101 0.9248924844894206 0.9705343279182912 1.0864172979860875 1.2056051378470705 1.3045606687199247
17 153 5.3005177940214105 1.401705978423984 0.7003192070139049 0.7003192070139049 0.8227373829964715 0.9151946316779607 0.9551470021634112 1.0905799778689838 1.2049181648723704 1.401705978423984
18 162 6.85110473713807 1.4969979171437924 0.7036625337263768 0.7036625337263768 0.7882792616914064 0.9013885836628749 0.9366914773942032 1.0872111246313043 1.197089006014175 1.4969979171437924
19 171 7.733019875358374 1.5390282477433919 0.7036200042598751 0.7036200042598751 0.8001163281436084 0.869389838536726 0.9129058907367463 1.0897576882785434 1.1894157181760538 1.5390282477433919
20 180 7.833750222428028 1.5188921022293596 0.7042746869587003 0.7042746869587003 0.7754273103874717 0.8377713299177695 0.9527473047901261 1.0684366505230847 1.1700791768189507 1.5188921022293596
21 189 7.822151146304062 1.5012529281140172 0.7029528390967388 0.7029528390967388 0.7503378353390096 0.8049318559911708 0.9654174565071151 1.083157117999128 1.155092547425889 1.5012529281140172
22 198 7.708537125271705 1.4170039072063751 0.6854282448196278 0.6854282448196278 0.7817914463063153 0.8197091455588154 0.9867781488784227 1.0545266011682841 1.138978604184259 1.4170039072063751
23 207 7.011706941259144 1.4115867542262994 0.6670448571070463 0.6670448571070463 0.7897788025827767 0.8097510521430581 0.9886650713289414 1.0241794736915775 1.0880301166787951 1.4115867542262994
24 216 7.0719457151956275 1.3820177297766298 0.6495452081709638 0.6495452081709638 0.774602462785344 0.7767599640410011 0.9748602660786762 1.002211529359404 1.1045774678382332 1.3820177297766298
25 225 6.85881646174294 1.3679474053869471 0.6115145306818418 0.6115145306818418 0.7625685363687199 0.8280455896990384 0.9810627400294691 1.0104561407330974 1.097970616071134 1.3679474053869471
26 234 6.969735119310009 1.3061756377332097 0.5808169377178858 0.5808169377178858 0.7220214113363983 0.8410814574890721 1.0033382465229463 1.0148342419853114 1.1253160076276845 1.3061756377332097
27 243 6.500208855464697 1.412444642549713 0.5650924488775199 0.5650924488775199 0.7325691915158324 0.8083911400899834 0.997167785753095 1.01058170116979 1.1282022235153653 1.412444642549713
28 252 6.843536103687471 1.3676496820776043 0.5615093755764603 0.5615093755764603 0.7200447351756937 0.7700448316507915 0.9899181015272248 1.0332090401657523 1.121574760223992 1.3676496820776043
29 261 6.369297165278192 1.3697038415853418 0.5447633906293332 0.5447633906293332 0.6656525944327384 0.7689678032752476 0.9870286475667363 1.0841299391422514 1.1377260207217783 1.3697038415853418
30 270 5.766910128745435 1.369566201937345 0.548647575535775 0.548647575535775 0.6640358129013235 0.776714083512852 0.9802253969630663 0.9977311818183787 1.1241191060741278 1.369566201937345
31 279 5.553138386542882 1.3350737728270634 0.5551804270146409 0.5551804270146409 0.6497694333996912 0.750155187652379 0.956880450267894 0.995129643826472 1.1512335254659294 1.3350737728270634
32 288 5.07165180156941 1.356144407769659 0.5376343830979526 0.5376343830979526 0.65514524161728 0.7190467480716597 0.8959165092479228 1.0747658647067408 1.144352092854271 1.356144407769659
33 297 5.43364951175647 1.3402446678962705 0.5331726452648248 0.5331726452648248 0.6246954300915644 0.7282937991211981 0.882131431453254 1.025119622959423 1.1040108889275804 1.3402446678962705
34 306 5.339278895219328 1.3109279796351547 0.5504961816856434 0.5504961816856434 0.6281881187643392 0.7178878197256847 0.8364197975210916 1.0883782105301947 1.1418066310085178 1.3109279796351547
35 315 5.476018411096316 1.3026430233981714 0.5383918627133295 0.5383918627133295 0.606465900312681 0.7021634633301398 0.8216372012844148 1.09673210052803 1.1618065060044842 1.3026430233981714
36 324 5.3754988725580874 1.325955533840778 0.5429114542489963 0.5429114542489963 0.5910033145908844 0.6957392035979466 0.8053866297562249 1.0372414456595231 1.208036032917823 1.325955533840778
37 333 5.1000884451287 1.4008674655164766 0.5236327940264248 0.5236327940264248 0.5557887130142863 0.6959298256934732 0.7877557649040028 1.0418983426342245 1.134839038193137 1.4008674655164766
38 342 5.61326425092478 1.459741410169073 0.5240661744608559 0.5240661744608559 0.552712892755169 0.6878458801431688 0.733251082836187 0.993070555524198 1.1288062611812644 1.459741410169073
39 351 6.238124023668143 1.5417694275072804 0.5182890257665027 0.5182890257665027 0.5490147371848447 0.6732907405583024 0.7492733339676513 0.9683788063159565 1.132872994513361 1.5417694275072804
40 360 5.985469721637671 1.680357979099024 0.5180534620977809 0.5180534620977809 0.5543194610675598 0.6374401014645956 0.7386914994256124 0.9443164389987656 1.1429583020625746 1.680357979099024
41 369 5.784334475757822 1.676707416054271 0.5150949656339284 0.5150949656339284 0.5713926571080806 0.6351813859975608 0.7543036992009307 0.936017370073337 1.0812615121729632 1.676707416054271
42 378 6.5311448584478775 1.6254413632965816 0.47617089810466917 0.47617089810466917 0.540474091695746 0.6426674335916751 0.7830522109669243 0.9462161341399387 1.133689382649578 1.6254413632965816
43 387 7.237896820583882 1.6849472370408207 0.46469673390494487 0.46469673390494487 0.5445469495505799 0.6319618265031673 0.7825489847504552 0.9517666090094145 1.1858855896690292 1.6849472370408207
44 396 6.605536631161763 1.588302840401847 0.4519410580355785 0.4519410580355785 0.548727583756333 0.6464618632131156 0.8018249307893365 0.9441009504961977 1.230434161343683 1.588302840401847
45 405 7.41663551760121 1.5689824607495573 0.4426626480097704 0.4426626480097704 0.542975206686864 0.6454173542511976 0.782925136676495 0.9047984777009874 1.1752746392151971 1.5689824607495573
46 414 7.515291204567324 1.7082153135209817 0.4464907916738198 0.4464907916738198 0.5275062099897538 0.6278523808026895 0.7708373559478156 0.9637514740316394 1.139617687310183 1.7082153135209817
47 423 8.307745985162255 1.6743733020552585 0.44601725181389584 0.44601725181389584 0.5104648218052522 0.6284664750648118 0.7835532872748289 0.9360599581303456 1.1818847768755452 1.6743733020552585
48 432 8.043591753124158 1.6016864591629956 0.43695532362172046 0.43695532362172046 0.5379656648116573 0.6390121787851133 0.7955631499696331 0.8938997320971046 1.2247942182450302 1.6016864591629956
49 441 7.375398647778413 1.6100150476730204 0.42047296619930197 0.42047296619930197 0.5208014007099843 0.6066628311325679 0.8013888022511447 0.874437299669229 1.2919565426997306 1.6100150476730204
50 450 6.311730665860489 1.5913293749326132 0.41793627649329496 0.41793627649329496 0.4842126142249616 0.6056714396429014 0.803165276911904 0.8771277230001159 1.2520025577383613 1.5913293749326132
51 459 5.476677784672715 1.5664533999213457 0.4014787722737426 0.4014787722737426 0.4762599754979524 0.6089086904192093 0.7823511586528652 0.8740730716048255 1.20087635634513 1.5664533999213457
52 468 4.896050250104365 1.5949959442379684 0.38340512520531567 0.38340512520531567 0.48096484086841584 0.5925482364168944 0.7485925684279628 0.8862267704071867 1.1818314203949645 1.5949959442379684
53 477 4.7325652832554645 1.6027378118896118 0.3719458287314368 0.3719458287314368 0.4638990532239424 0.570016973104589 0.7321057722724652 0.8623670450113039 1.2024562938198764 1.6027378118896118
54 486 4.546215998467299 1.6077572179174529 0.35378483330139293 0.35378483330139293 0.4566004314401973 0.5855369722714897 0.7225049494618793 0.8371973740687442 1.205687361369682 1.6077572179174529
55 495 4.4203736145693675 1.62186875659197 0.3579985744317817 0.3579985744317817 0.4446510353614998 0.5663644606565624 0.7238802385675112 0.8533945929721612 1.141895151802871 1.62186875659197
56 504 3.9404855059786037 1.6351093350348922 0.34889478739103563 0.34889478739103563 0.4469638940626316 0.5595827009995613 0.7061580229917663 0.8592628164764771 1.1554946174459992 1.6351093350348922
57 513 3.799311481632278 1.6359867077649408 0.3307908118959112 0.3307908118959112 0.4416810360784255 0.5428068795813205 0.7134356248586987 0.8326595775902099 1.1718111657635815 1.6359867077649408
58 522 3.65756733351587 1.6175227459928252 0.3340478375548904 0.3340478375548904 0.4197165064744101 0.5341898404713822 0.6994839099190957 0.8311341744487566 1.181266048685688 1.6175227459928252
59 531 3.80735248904905 1.6497314065422195 0.3329482160218398 0.3329482160218398 0.41689965007997365 0.534096246978494 0.6813005513622579 0.826898358397045 1.156996953556873 1.6497314065422195
60 540 3.9309270373017204 1.5320714734733034 0.3206803027275978 0.3206803027275978 0.41389453294278666 0.5650558779925127 0.6823911519582726 0.8552591213415321 1.1357803378231888 1.5320714734733034
61 549 3.393178278608831 1.5481568987402086 0.3336025185053472 0.3336025185053472 0.41966812874816917 0.5365922626450301 0.6765802021702184 0.8209648600451342 1.160366738229761 1.5481568987402086
62 558 3.386920638270377 1.5722310919330131 0.3188754253999315 0.3188754253999315 0.412924869049371 0.5390855417657062 0.6788400285845693 0.8165021755862825 1.1238434688083643 1.5722310919330131
63 567 3.5228443540544663 1.5531843591489272 0.31393926402319966 0.31393926402319966 0.39376252084225144 0.5304108065917218 0.6710358997166429 0.839233965524201 1.1483382914481557 1.5531843591489272
64 576 3.362658841816723 1.5720635770877456 0.3052541653699581 0.3052541653699581 0.3806329940381184 0.5379817201593633 0.6704180539011466 0.8431465113862013 1.2047757169278894 1.5720635770877456
65 585 3.2501555640149133 1.5810970768148402 0.29415631131723025 0.29415631131723025 0.37866887011898376 0.5342390454317734 0.635192386721138 0.8052672960494666 1.2536818526968883 1.5810970768148402
66 594 2.7766784991415085 1.4175010407552893 0.29478852451214943 0.29478852451214943 0.387681443899134 0.5312504391824782 0.6646748848857604 0.8061614358010434 1.2381072963638178 1.4175010407552893
67 603 2.49491069870945 1.3410142727999135 0.28305354547547984 0.28305354547547984 0.38795616898511887 0.5268221394504343 0.6503397369944436 0.8054907092924882 1.1890772043029432 1.3410142727999135
68 612 2.121400149370787 1.359358960074593 0.2686965176935431 0.2686965176935431 0.38819091991396226 0.5181229094267048 0.6330342266116914 0.8007347884918454 1.1863527192543917 1.359358960074593
69 621 2.0556372692099893 1.3513159437560338 0.2500725090661949 0.2500725090661949 0.3781079189549895 0.5162923164390835 0.6337436464781955 0.7907447618110113 1.166064784999488 1.3513159437560338
70 630 2.256765234964814 1.3825667821624747 0.23443609332708495 0.23443609332708495 0.36962231464548245 0.5349982290881394 0.6342396209993509 0.7840965943267313 1.1250816829671721 1.3825667821624747
71 639 2.4668930790903394 1.3900310163299685 0.2341817408048475 0.2341817408048475 0.3995352926564435 0.533796655597923 0.5649744212272012 0.7805598957017831 1.182845192631736 1.3900310163299685
72 648 2.6224655328149176 1.3631604824546741 0.22730110722295171 0.22730110722295171 0.35879758353306884 0.5503710438925231 0.5733819803775982 0.796917590171605 1.3234800443431214 1.3631604824546741
73 657 2.3740224100909613 1.338172376128835 0.21503625734395626 0.21503625734395626 0.35430468484884037 0.5659467982407865 0.5746658586526168 0.829032019073749 1.296945084229898 1.338172376128835
74 666 2.0810320714329906 1.3002695838224658 0.2102592120213135 0.2102592120213135 0.34397791703327124 0.5573655464907539 0.5763910528387233 0.8233808049187086 1.261283236882794 1.3002695838224658
75 675 1.8449810607597403 1.331720993565629 0.19982707705754238 0.19982707705754238 0.34094740401053975 0.5322031243611204 0.5744582287518751 0.8063492960085524 1.2062800932209425 1.331720993565629
76 684 1.7106850056376337 1.3656770589766443 0.1781926231908679 0.1781926231908679 0.3399356402138186 0.5300724691119473 0.565723257189871 0.7997877671342659 1.198013524411769 1.3656770589766443
77 693 1.687629591449269 1.396069792712539 0.15996505168571176 0.15996505168571176 0.3427992799472987 0.5181795592566398 0.5662832158634757 0.7689872467773403 1.2106887655149159 1.396069792712539
78 702 1.554997899235023 1.3542175035221156 0.1503664157902669 0.1503664157902669 0.3379280455160108 0.5105012845356568 0.5513326694342977 0.828772338815887 1.2140163579917387 1.3542175035221156
79 711 1.5839815932861938 1.3578580503724305 0.13915869169658873 0.13915869169658873 0.3345486801860132 0.4919440062610532 0.5437484639649014 0.825651414336057 1.2970965925384095 1.3578580503724305
80 720 1.5701430709681914 1.348823634016435 0.12830267609418733 0.12830267609418733 0.32489550585423294 0.5063872613904148 0.5289526125505866 0.8770979893913265 1.2979185788788594 1.348823634016435
81 729 1.6288441819076704 1.3633717892580564 0.12208888549658721 0.12208888549658721 0.30793465040316587 0.4826462585653103 0.5150168094287084 0.9310875958691293 1.287474434746794 1.3633717892580564
82 738 1.5849312269189437 1.3579059744550905 0.11353987315924152 0.11353987315924152 0.31144077047696744 0.4807235720559748 0.5233138131444244 0.9586982822908543 1.2814580517247247 1.3579059744550905
83 747 1.6557567827396518 1.3376740739249828 0.11054748667344198 0.11054748667344198 0.3014352914240356 0.4457999188530813 0.5158532481095102 0.9958827858283376 1.301522328319193 1.3376740739249828
84 756 1.5530300403564183 1.4371687399302262 0.10634733318815864 0.10634733318815864 0.29706630350950836 0.4690029963324324 0.49123445275238076 0.967214596541945 1.31490925316516 1.4371687399302262
85 765 1.546294082488623 1.397314871006305 0.10154254372153204 0.10154254372153204 0.296473402399087 0.4631753506139782 0.4884542571102238 0.964474337313431 1.310258607650433 1.397314871006305
86 774 1.5821042200356135 1.451224199495114 0.0970906136854595 0.0970906136854595 0.29187751280724733 0.45692977170615245 0.48990183654481806 0.9404860520324689 1.2806459525973315 1.451224199495114
87 783 1.6513764751585713 1.556155318612969 0.08964146389582173 0.08964146389582173 0.29297143032850254 0.45461782916302956 0.4802028495536812 0.9397729808028309 1.2583051402002494 1.556155318612969
88 792 1.7298731393239137 1.5740756643411435 0.08643245434081775 0.08643245434081775 0.2994128493601488 0.45010644620116746 0.493199017673651 0.901954498975392 1.2759346921048336 1.5740756643411435
89 801 1.6805839811737755 1.6035947126716157 0.08673305365932853 0.08673305365932853 0.29174095704346786 0.4519999835583749 0.5148349113811088 0.9400714619380736 1.2202607752680834 1.6035947126716157
90 810 1.7242693895725316 1.6059440777272729 0.08312344541542081 0.08312344541542081 0.28264118422562035 0.4491612259872875 0.5104772462279675 0.9524316733417791 1.2345934447994305 1.6059440777272729
91 819 1.9242252566610372 1.7101098270956578 0.0810251897324102 0.0810251897324102 0.27634493471044247 0.4413966472118659 0.4910690021496127 0.9400784142160078 1.2532063394634043 1.7101098270956578
92 828 1.9995033483021563 1.9023629772077564 0.07867056959420911 0.07867056959420911 0.27545850766743496 0.43656206985382834 0.4746472041525739 0.9299664323825776 1.2569583133924256 1.9023629772077564
93 837 2.080499535981168 1.9287449646701507 0.07715041122942082 0.07715041122942082 0.27007775178965476 0.43580511782830994 0.47572915326394855 0.9082031347015286 1.2322774262165272 1.9287449646701507
94 846 2.282058422328994 1.983687174871711 0.0742486773564285 0.0742486773564285 0.2856840069731051 0.4056462947217256 0.4695471115540184 0.9119632737666713 1.253075326603922 1.983687174871711
95 855 2.604980093789363 2.063714079993147 0.0704996042983366 0.0704996042983366 0.28491750948844974 0.41304870357016027 0.4705468821026225 0.9289959118828045 1.24740244677873 2.063714079993147
96 864 2.7176285799516378 2.253032674822948 0.0665748110406007 0.0665748110406007 0.2907384027216692 0.40678747637136514 0.46607153502756393 0.9117811387234266 1.2665898569861676 2.253032674822948
97 873 2.7449710847487143 2.1799097433579435 0.06613937679752348 0.06613937679752348 0.2884198636720136 0.41556549287614114 0.4779845740711217 0.8796352949555399 1.2770795731049642 2.1799097433579435
98 882 2.8049758228451087 2.077099605635485 0.06463942373729126 0.06463942373729126 0.28912708242695845 0.4101811203261659 0.5071206413081181 0.8625735243203779 1.2744733771582575 2.077099605635485
99 891 2.8431441898153618 2.0826592579336958 0.062477157630393985 0.062477157630393985 0.29819871136702075 0.417266019384115 0.5163334348962328 0.8119944392538342 1.2364796911104339 2.0826592579336958
100 900 2.6494682374853906 2.015319865740621 0.06470629067776536 0.06470629067776536 0.30092999999780357 0.4228245387989356 0.505931621036009 0.7976084299070337 1.179267212736057 2.015319865740621
101 909 2.4711439065729497 1.9418303582048912 0.06023028817781852 0.06023028817781852 0.3132696658619046 0.405460314482745 0.49411059272964875 0.7916645369964381 1.1861685579611698 1.9418303582048912
102 918 2.3026262478880817 1.9295435437254096 0.061049336169632755 0.061049336169632755 0.31094980374827497 0.3832736547424536 0.4802719753074704 0.796381380978196 1.152134141175542 1.9295435437254096
103 927 2.3369813524204055 1.8782844430089052 0.06086107272076669 0.06086107272076669 0.2998498151160184 0.3976382420055986 0.47026967673221376 0.7936096787063835 1.0978470140704075 1.8782844430089052
104 936 2.229686731392184 1.8671406611836403 0.057966724090094415 0.057966724090094415 0.2968442011321515 0.39864152741806097 0.47971014431116277 0.8262307078750246 1.0877271001463955 1.8671406611836403
105 945 2.1223036677011216 1.8407357212754358 0.053299456851771766 0.053299456851771766 0.29918414431613666 0.4007347307338062 0.47194540641385924 0.8442696325954971 1.0554787424936847 1.8407357212754358
106 954 2.1377674619523117 1.7733060098711428 0.04869866858496741 0.04869866858496741 0.29125088938087473 0.3908576140424723 0.4782890012485707 0.8583852106023645 1.1277481362195534 1.7733060098711428
107 963 1.9650372386587336 1.6378735829004065 0.04922992151022484 0.04922992151022484 0.28598077038117686 0.3897179301681205 0.5019168817549547 0.8510598994913631 1.1475750993830338 1.6378735829004065
108 972 1.7518818176729234 1.6126574272332683 0.05011835946506917 0.05011835946506917 0.2816976840264112 0.3812463727292461 0.48425783451369675 0.8377835397728154 1.115536641288404 1.6126574272332683
109 981 1.8449952035585597 1.519653984156795 0.0487537856926535 0.0487537856926535 0.2749439363009676 0.3726253818567771 0.47706884960031126 0.8375354434955244 1.110505963417394 1.519653984156795
110 990 1.8168172437782557 1.5101884092542217 0.04668482075957787 0.04668482075957787 0.3054518107967001 0.35407913526670415 0.4997053304053639 0.8232880095378357 1.083999655807783 1.5101884092542217
111 999 1.5634591748379016 1.4973865626646927 0.0464507218084639 0.0464507218084639 0.2992171482157471 0.3434767139985257 0.5165669058927135 0.8335817757532881 1.0779519743240908 1.4973865626646927
112 1008 1.402236471034993 1.4427510010368743 0.0459665118792393 0.0459665118792393 0.2960952075320713 0.3473581885251556 0.4899204573089754 0.8182262032864088 1.0274854495914676 1.4427510010368743
113 1017 1.330529986816698 1.3967483278643096 0.04526256720654353 0.04526256720654353 0.3061135634052925 0.336430194637287 0.48991038217447236 0.759081405977668 1.001514871827423 1.3967483278643096
114 1026 1.30040908739371 1.3760305694789845 0.044814074785611537 0.044814074785611537 0.286528388747144 0.3474944124703731 0.49153619553736405 0.7364451215552366 0.9813762796309977 1.3760305694789845
115 1035 1.4176157635711026 1.3140184471406764 0.04444530739920755 0.04444530739920755 0.29001269181384 0.3439702226031163 0.4955184305212868 0.68430688218555 1.0087935308785438 1.3140184471406764
116 1044 1.4409818372086156 1.321453779210889 0.04315412101400689 0.04315412101400689 0.27884688438464394 0.35006271692007185 0.5149532994768448 0.652655324096639 1.054496420355483 1.321453779210889
117 1053 1.491495404904393 1.3061255722997671 0.044180658346931044 0.044180658346931044 0.2771197145509537 0.34704358560171716 0.4657035751847099 0.6505452370118843 1.0727326672246758 1.3061255722997671
118 1062 1.5552532193184287 1.3008865517492774 0.043482235912783225 0.043482235912783225 0.27832391212886337 0.33362246685712316 0.45995253450599366 0.6417576701018967 1.1661797017128404 1.3008865517492774
119 1071 1.3868048786551532 1.3258570534656515 0.0437911231227489 0.0437911231227489 0.2722282955570164 0.32533029270607666 0.4540025634123331 0.6304622309391634 1.1752124495236904 1.3258570534656515
120 1080 1.2637584423406087 1.324934330101581 0.04402079505032975 0.04402079505032975 0.2634155824763457 0.31474771700504917 0.457261422116814 0.6288669742718238 1.1520658206848493 1.324934330101581
121 1089 1.3106725380868922 1.2887162804212664 0.04304938781158582 0.04304938781158582 0.26400007888405935 0.32595657172171416 0.4428908598531302 0.5986183796288194 1.1570825780518295 1.2887162804212664
122 1098 1.2776830252129048 1.2619262113101946 0.04167148638311123 0.04167148638311123 0.25641073250814134 0.3375262585393956 0.4581251237655397 0.6141025487645047 1.1193972085832002 1.2619262113101946
123 1107 1.3106208712199483 1.229337481629445 0.04183228789390245 0.04183228789390245 0.2521977614784601 0.336963016696887 0.45226072455696603 0.616809252812744 1.089324244969745 1.229337481629445
124 1116 1.2844712312273228 1.2172839568955243 0.04141031127183996 0.04141031127183996 0.24811978532829326 0.3376019478343597 0.4571980083465168 0.6419407178587868 1.046595255267678 1.2172839568955243
125 1125 1.2263933753496452 1.2340600201444745 0.0413530131692774 0.0413530131692774 0.2315661015585526 0.33682164946145243 0.47177906896014477 0.6446026290104366 0.97157169400172 1.2340600201444745
126 1134 1.1340313994412963 1.2421891717536107 0.04117459462177021 0.04117459462177021 0.2208795114455541 0.3617088482823057 0.4607591529571535 0.646075013256001 0.951673717540739 1.2421891717536107
127 1143 1.0113754974934552 1.196014866136197 0.03986953231367331 0.03986953231367331 0.2188620127400432 0.3691388980829527 0.460390022501059 0.6385310333195555 0.9025896859237889 1.196014866136197
128 1152 0.9609129311974621 1.1888799927338267 0.03929640957663846 0.03929640957663846 0.214407156978036 0.3633500123389055 0.4468268182489787 0.6084448731630169 0.8713909673994542 1.1888799927338267
129 1161 1.0421871710663142 1.1672685462616936 0.03980863067844338 0.03980863067844338 0.21300363899195446 0.36867032710992187 0.4660701612993152 0.5950583041872469 0.8215165668346075 1.1672685462616936
130 1170 0.885821268030135 1.130914106145087 0.03959725891045988 0.03959725891045988 0.2133160936184876 0.35209298349422474 0.47548800700226806 0.618385446594478 0.811525619311221 1.130914106145087
131 1179 0.8378890140092992 1.1390921869626218 0.03872757692152268 0.03872757692152268 0.20216635958244308 0.3449291868108194 0.462929196150993 0.6128516498239057 0.8384398033480214 1.1390921869626218
132 1188 0.8208293321442701 1.1200052568098386 0.039437436992949784 0.039437436992949784 0.19542802087242678 0.32962557118673796 0.45947095447999614 0.6028051843461455 0.8478778107996892 1.1200052568098386
133 1197 0.735983060122418 1.0742844230842852 0.03936060346292209 0.03936060346292209 0.19372348891023466 0.32357543773293856 0.42761414457504177 0.6166037523370451 0.8899782853692578 1.0742844230842852
134 1206 0.687995021934128 1.060543683249613 0.037567846397972615 0.037567846397972615 0.18876414036476744 0.321210163318725 0.4250252809694171 0.6083247345033127 0.8723702690417406 1.060543683249613
135 1215 0.6677711778775048 1.0746597349503897 0.037074692091499196 0.037074692091499196 0.19109482774399297 0.31114752224343234 0.4130093501952479 0.5835855753730608 0.8908724794911547 1.0746597349503897
136 1224 0.6710996174357365 1.0807814165096405 0.037142816625798415 0.037142816625798415 0.17865256150275796 0.31100558953502083 0.3849665935252195 0.5905889345460726 0.9252886102357535 1.0807814165096405
137 1233 0.6379742621447553 1.0660613127536855 0.03726516761826959 0.03726516761826959 0.1674110927076304 0.3149909792059787 0.380876190760436 0.6135346658982866 0.9165018422989589 1.0660613127536855
138 1242 0.6395559306323328 1.0800376125905506 0.03600551799919819 0.03600551799919819 0.16208622269009176 0.31602172320783195 0.37406440846708855 0.627465043602801 0.84008983318689 1.0800376125905506
139 1251 0.6071254596128227 1.1441799468893599 0.03545075037474502 0.03545075037474502 0.14769936442335538 0.31444628198653335 0.37671068522196555 0.6415115888110454 0.8027120555793699 1.1441799468893599
140 1260 0.5601085350837648 1.1155844908835277 0.03586756863224837 0.03586756863224837 0.14208006687844643 0.3188009878999288 0.37937230353366513 0.6439547097949797 0.7800418654214052 1.1155844908835277
141 1269 0.5318299170906091 1.093564272186407 0.036193615362108314 0.036193615362108314 0.1248582949161545 0.31590095680866925 0.38710944257674584 0.6406117986966913 0.7799055809756272 1.093564272186407
142 1278 0.5643228311298215 1.123102338591167 0.035796082117191284 0.035796082117191284 0.11754084445283207 0.31349636313784773 0.4091920929858498 0.6340186599724573 0.7789136487252599 1.123102338591167
143 1287 0.5933317854571585 1.1989837197439988 0.03409877445721823 0.03409877445721823 0.10981751145175177 0.3214476331082929 0.398003217820191 0.6717035995612971 0.7606654944271618 1.1989837197439988
144 1296 0.5749356075241127 1.2044187034150386 0.03542090858256544 0.03542090858256544 0.10037428292525688 0.3086197833730572 0.4221179751527553 0.6513621469390185 0.7680495568919935 1.2044187034150386
145 1305 0.4771237818091755 1.2649998209924007 0.03366472264286644 0.03366472264286644 0.09279873641926814 0.3097169537373309 0.41282465100780724 0.6447089671431212 0.7777109449238929 1.2649998209924007
146 1314 0.4407830671266583 1.2786329502698517 0.03270030941336767 0.03270030941336767 0.08833272221463084 0.3024995107104964 0.39923766018259266 0.6347575693900228 0.7743502738232477 1.2786329502698517
147 1323 0.403325414902642 1.286373097859703 0.030828885070024428 0.030828885070024428 0.08528996482283506 0.2976176027756038 0.3926303519234316 0.6497902059388847 0.7889890285884577 1.286373097859703
148 1332 0.4105299508299983 1.2581879045670745 0.031077149888806527 0.031077149888806527 0.08221457896392681 0.2993725786031881 0.3636586926670555 0.6538279200868725 0.7792237348714985 1.2581879045670745
149 1341 0.42866536595034205 1.3391526244567393 0.029738917417846452 0.029738917417846452 0.07954578582268677 0.30278734824688636 0.3518834293406262 0.6328420357610606 0.7790374651097117 1.3391526244567393
150 1350 0.4728581087975243 1.4332494577499342 0.02996756525930884 0.02996756525930884 0.07766156338926372 0.2983065929529247 0.35218037340214536 0.645430139303134 0.7221962297758849 1.4332494577499342
151 1359 0.5045358805484783 1.5305800663503342 0.029959751207981857 0.029959751207981857 0.07575169939523169 0.2882200150254909 0.3576306868816113 0.6410063823916513 0.6888509525691829 1.5305800663503342
152 1368 0.5056153051643143 1.5303382187977497 0.02736435655206988 0.02736435655206988 0.07498774694158843 0.2952858906656977 0.35742600885728015 0.6290231166534109 0.7328602286882868 1.5303382187977497
153 1377 0.5319691346498588 1.5370747245049237 0.025410220613995903 0.025410220613995903 0.06655974465932195 0.2956047098817033 0.380123617703447 0.6290333425382126 0.7414179250646247 1.5370747245049237
154 1386 0.6219392829755008 1.6468032597029898 0.024233005591460355 0.024233005591460355 0.06528563991807194 0.2882679924115961 0.39079947607264337 0.6209386756589257 0.7258425162635166 1.6468032597029898
155 1395 0.7243646431933017 1.78448929552644 0.024567800863269873 0.024567800863269873 0.06184546892085199 0.3026361654173569 0.3796702329627358 0.6258848854895371 0.7191631528842012 1.78448929552644
156 1404 0.8149951172360766 1.9528334551270845 0.024314711877343402 0.024314711877343402 0.06164957547035486 0.3000470315827919 0.387091115133735 0.6308981878590602 0.6795551368539483 1.9528334551270845
157 1413 0.7730447064860273 1.9725610850674469 0.023912146210359256 0.023912146210359256 0.05909496021837207 0.3011877088997423 0.39799491547131 0.6387187477480393 0.6689190407229073 1.9725610850674469
158 1422 0.7905774228022578 1.8871176243520082 0.02365206241614696 0.02365206241614696 0.05428265364341207 0.2986677255344185 0.3953906557573303 0.6387297190790207 0.6719422974232687 1.8871176243520082
159 1431 0.8984781511097436 1.8521181153736885 0.022488483645616734 0.022488483645616734 0.05069220127220433 0.29650744975706345 0.41012667253155893 0.6541746858245621 0.6788453421203787 1.8521181153736885
160 1440 0.9854784639062815 1.8508791082870188 0.021397204808237813 0.021397204808237813 0.046819840560340956 0.29093488989153177 0.4405668959094961 0.641504215160514 0.7258027799937801 1.8508791082870188
161 1449 1.0192093209513373 1.7905373335510486 0.022003415999529916 0.022003415999529916 0.04566207645581438 0.2857432047832663 0.4614699775540204 0.636369634394932 0.7442304265791313 1.7905373335510486
162 1458 0.9230201839593951 1.738069095956502 0.021171658849960657 0.021171658849960657 0.04443628020308767 0.2830147135906828 0.46487632801250495 0.6241536235492567 0.7868088096269518 1.738069095956502
163 1467 0.8041434819987185 1.69505637108786 0.02105109283019791 0.02105109283019791 0.04269119968967946 0.28512399403994604 0.4722374818178878 0.5969416409803203 0.7694298219901755 1.69505637108786
164 1476 0.7622573817413542 1.6674134926693085 0.02017419762774201 0.02017419762774201 0.040823337256893084 0.27809039580307576 0.4796775297131274 0.5842263629794053 0.8106937290094661 1.6674134926693085
165 1485 0.7657243873809431 1.6307198559537044 0.020062358516565612 0.020062358516565612 0.03957328872188021 0.27698130679188815 0.4766765954173723 0.5783909380919224 0.7997609666392763 1.6307198559537044
166 1494 0.6830301212947941 1.5660149726347954 0.02015657386847654 0.02015657386847654 0.039289355978663426 0.26378229960473887 0.46997829368966115 0.6015583938437464 0.8042493080930198 1.5660149726347954
167 1503 0.615553297547452 1.5395860399910795 0.019629432881185346 0.019629432881185346 0.03793389925582062 0.26828823564661464 0.4696113782211806 0.5864123650372902 0.7666450853753838 1.5395860399910795
168 1512 0.5923230969542008 1.5253010384979169 0.01804501697067602 0.01804501697067602 0.03720432391346926 0.27481557128882117 0.45768465281650905 0.5719771461513732 0.767362939844596 1.5253010384979169
169 1521 0.5615949060335556 1.5215784506883652 0.016696910755816648 0.016696910755816648 0.03664576096823165 0.2779039627367586 0.436918205664502 0.573810775023149 0.7921514988055299 1.5215784506883652
170 1530 0.5749166707797012 1.5334567155871455 0.015635772405449465 0.015635772405449465 0.0347030128395841 0.2798898059680822 0.4377330902696974 0.5765438760143666 0.7917020948191233 1.5334567155871455
171 1539 0.5857837470982573 1.4784032747445766 0.015687587638525582 0.015687587638525582 0.03391749508104678 0.2917625042727955 0.4347588308419419 0.5400037658613442 0.7939872966948434 1.4784032747445766
172 1548 0.5728410435512239 1.4729573690793305 0.014777850406838034 0.014777850406838034 0.03368008205261587 0.3039463272220843 0.4266664396890576 0.5363051961687191 0.7946809304416479 1.4729573690793305
173 1557 0.584236746305965 1.4483998668478026 0.01324459238838639 0.01324459238838639 0.03347857891352185 0.2972818526802374 0.42776832049668206 0.5422760265619052 0.8659561620932763 1.4483998668478026
174 1566 0.5794431354488808 1.4322165185934852 0.012926967094433266 0.012926967094433266 0.032321991689125876 0.2971469384386885 0.4188080725422488 0.5399160534369691 0.9043481056957 1.4322165185934852
175 1575 0.6023477540188752 1.3842527460075922 0.012547530480917503 0.012547530480917503 0.030676527475146795 0.29998456120864586 0.42851070050290324 0.5367792173839983 0.888922121536565 1.3842527460075922
176 1584 0.5821521915731225 1.3930449976960775 0.011401945452508692 0.011401945452508692 0.030362478869363267 0.30036795830129287 0.44540211427641513 0.566000666639538 0.8751901903807102 1.3930449976960775
177 1593 0.556664508203281 1.4227111258211844 0.010242807824262457 0.010242807824262457 0.029785993713927195 0.3275778418272437 0.43521101971575754 0.5649828177809832 0.8764150377053521 1.4227111258211844
178 1602 0.5736431368680672 1.3717909767374437 0.00991413249439688 0.00991413249439688 0.028111432591897093 0.3160529324376759 0.4640225857605385 0.5735888139268607 0.8766993269560397 1.3717909767374437
179 1611 0.5475984424163818 1.4295650217492009 0.009893782724838342 0.009893782724838342 0.025777426375795807 0.3083946515235549 0.48486198667090147 0.5714953173539593 0.8526870237823898 1.4295650217492009
180 1620 0.5389529606867544 1.4073494758785832 0.009503810951952034 0.009503810951952034 0.02469223425309677 0.30881003955695757 0.4917387027733556 0.5719843615811375 0.8505675125260999 1.4073494758785832
181 1629 0.5588183765589971 1.4562150263411588 0.009428694228874672 0.009428694228874672 0.02354241456755753 0.31501587835847805 0.4814666650001667 0.5800507241797621 0.8234002736866473 1.4562150263411588
182 1638 0.5732778250133292 1.4842496767374318 0.009554078152496856 0.009554078152496856 0.021802488145312167 0.31563434671739454 0.4884135883809612 0.5779283649507079 0.8047130520982512 1.4842496767374318
183 1647 0.6649841784358631 1.4628978703546047 0.009545027785371474 0.009545027785371474 0.020565550414643627 0.31281633730786573 0.50748689757921 0.5661241298898146 0.8304905899433712 1.4628978703546047
184 1656 0.7744223035607227 1.5327006911858072 0.009247117758108703 0.009247117758108703 0.019458068489166737 0.3023717688114626 0.5140887242023573 0.6211876208422387 0.8158944263351146 1.5327006911858072
185 1665 0.9020637666425974 1.6847895576451615 0.00877711453709876 0.00877711453709876 0.019203577376719513 0.30239460826758124 0.5071349152460322 0.6088723733431105 0.7944380285436229 1.6847895576451615
186 1674 0.8433071507670873 1.8452814543206133 0.008758780777892838 0.008758780777892838 0.01874206092439195 0.3085161223132007 0.5119312082987448 0.5917662413778357 0.7818397149368652 1.8452814543206133
187 1683 0.8772555794379426 1.7960920799917264 0.008468536965664986 0.008468536965664986 0.017959833940793906 0.30284343164441474 0.5196875433459929 0.5758952027391261 0.7624512390299846 1.7960920799917264
188 1692 0.8940860701255186 1.7605812578713693 0.008419255791675182 0.008419255791675182 0.01646934383271254 0.31082822897159634 0.5276826897126555 0.5719139334196658 0.7674614038161317 1.7605812578713693
189 1701 0.8391836758690816 1.7372300871432662 0.00844515037625758 0.00844515037625758 0.016333776677426557 0.3190774957455626 0.5157110122493618 0.5540840339151762 0.7219749472625342 1.7372300871432662
190 1710 0.709652116710271 1.7720120796729186 0.008004543734879013 0.008004543734879013 0.01611211645440681 0.31318784402510086 0.5045565545396844 0.5513195640789439 0.713716567023382 1.7720120796729186
191 1719 0.5991238866416805 1.7963954191129026 0.007844982825900357 0.007844982825900357 0.015830060935235236 0.31011972091562856 0.480743306234837 0.5212582357799218 0.6998002404012267 1.7963954191129026
192 1728 0.5645848909418815 1.7869367376085927 0.007529755980859575 0.007529755980859575 0.015534863855427926 0.30359439807124217 0.479871924761507 0.5047120494501597 0.6730917495998812 1.7869367376085927
193 1737 0.4951278893192466 1.7242600687781682 0.007586428972708578 0.007586428972708578 0.015341629367149038 0.31047026650285375 0.43810027388127926 0.513439141027243 0.6584921554704187 1.7242600687781682
194 1746 0.4200955539719842 1.7447525286240253 0.007305605133553476 0.007305605133553476 0.014778662482067212 0.3037314224915387 0.4271165717967773 0.4926886651905992 0.6676715959544305 1.7447525286240253
195 1755 0.3728229166492135 1.709504264285649 0.006944630772053133 0.006944630772053133 0.014481552872266407 0.3041623392828743 0.4247289343142533 0.47689295167484336 0.6527225409539008 1.709504264285649
196 1764 0.3396198758799387 1.687346695835953 0.006804833784353707 0.006804833784353707 0.013038958259984615 0.3011344549672925 0.4225472901377807 0.4722964062812207 0.6431565974703153 1.687346695835953
197 1773 0.31299814352267175 1.6979767893746984 0.006199775617307693 0.006199775617307693 0.012600366381722279 0.3042856692236213 0.4192018709457628 0.47496059950222974 0.6412188881717885 1.6979767893746984
198 1782 0.2773719760843364 1.740995097107328 0.00614765623572324 0.00614765623572324 0.011724463531963013 0.29406428105306337 0.41354331156151275 0.4590219163450681 0.6368966006120371 1.740995097107328
199 1791 0.2666854327644389 1.7498085561821317 0.005774429497254724 0.005774429497254724 0.011416253629260506 0.2973693489087989 0.40523208561971014 0.4584876076994563 0.6157010277104414 1.7498085561821317
200 1800 0.2551889564204114 1.7207417580494468 0.00551388106282837 0.00551388106282837 0.011454003944246826 0.2895928854404289 0.4083127254721667 0.4500188162971644 0.5982371871534691 1.7207417580494468
201 1809 0.2714996519077273 1.7310062307925487 0.005339234444991686 0.005339234444991686 0.011451194622791868 0.2919041326346113 0.4024970427278302 0.4464558481050815 0.5726542609280222 1.7310062307925487
202 1818 0.2588918851908496 1.7284625032384677 0.005302500196801693 0.005302500196801693 0.011237228778312201 0.2934705306643677 0.43622271379115185 0.4424343588451219 0.536183919664826 1.7284625032384677
203 1827 0.24953150240920252 1.738889343036167 0.0052761214997737215 0.0052761214997737215 0.01032962945023755 0.2886204269173273 0.4133655670959443 0.4611971297893822 0.5316849879809191 1.738889343036167
204 1836 0.23955162499580915 1.8265253858393733 0.005104450970736258 0.005104450970736258 0.009623669146781345 0.2916736719568824 0.39076981773259484 0.4710534596983395 0.5457466865088969 1.8265253858393733
205 1845 0.22372183604721674 1.857899329687213 0.005127041585415122 0.005127041585415122 0.008988760095309972 0.2894353733837069 0.3832074178532397 0.4606003037566773 0.5432657790360107 1.857899329687213
206 1854 0.20364629624421138 1.825449057567203 0.004848765931352127 0.004848765931352127 0.008567317712851439 0.2850595881032558 0.37952511446304915 0.4607823912379198 0.538297141765104 1.825449057567203
207 1863 0.20188537475836452 1.8268312361631605 0.004809542419638791 0.004809542419638791 0.008078255985270635 0.2721776219354598 0.3840506792972469 0.45199225784680047 0.5388558493097845 1.8268312361631605
208 1872 0.20260702661296304 1.8904385263648464 0.0045504330332552054 0.0045504330332552054 0.007969776071344659 0.2656635226829579 0.37768225490469637 0.44575225848966765 0.5544936757074364 1.8904385263648464
209 1881 0.200801877279047 1.9320269378465733 0.0045188131241264895 0.0045188131241264895 0.007547388108525841 0.25614350026577776 0.3773442512274091 0.45521137840336023 0.5474658135554162 1.9320269378465733
210 1890 0.18349161623998245 2.007704129257007 0.00433600490783736 0.00433600490783736 0.00733195842355848 0.24661169870472663 0.36652772518402077 0.4587718482548582 0.5340478031382921 2.007704129257007
211 1899 0.18231129323038656 1.9594565696655477 0.004271553729950487 0.004271553729950487 0.007143780357264374 0.22605095492574823 0.36122701618506725 0.4620296339328733 0.5348154152611063 1.9594565696655477
212 1908 0.21141917432652738 2.102749310492461 0.003964974573160976 0.003964974573160976 0.006820203167525981 0.22324509709297685 0.3503908629950671 0.46154535596524554 0.5293897576143061 2.102749310492461
213 1917 0.20323509744024096 2.260658017537927 0.0041063833383782715 0.0041063833383782715 0.006444149124803432 0.24040400443305893 0.3462363705930538 0.44523430642085143 0.5471101843617407 2.260658017537927
214 1926 0.21845255790048565 2.3241713363601377 0.003968458678073516 0.003968458678073516 0.0062411014569069235 0.23087699153394656 0.34018243559767225 0.4300687791760598 0.5515911893975561 2.3241713363601377
215 1935 0.21832133961512265 2.462092885443736 0.0038957690416162776 0.0038957690416162776 0.005913917870769172 0.21984769689704448 0.35738937800558984 0.4256631191999147 0.5429294160783164 2.462092885443736
216 1944 0.21954349804512976 2.5674313798082937 0.0037799806730229746 0.0037799806730229746 0.005776613874520837 0.21496720630427293 0.34531528971945913 0.42756129633360174 0.5172221477971819 2.5674313798082937
217 1953 0.22053597293282096 2.5392816987319073 0.003674329039614993 0.003674329039614993 0.005664795859146022 0.21185455072444884 0.34916084075717885 0.42836721043137505 0.5352702759951561 2.5392816987319073
218 1962 0.23197638108577487 2.693980000504105 0.003492830051400577 0.003492830051400577 0.005501691839341633 0.2092856153500712 0.34042914299658117 0.43046109405978866 0.5353532553391699 2.693980000504105
219 1971 0.22236516058430358 2.9353250421199557 0.003268414748733586 0.003268414748733586 0.0054734105778499725 0.2040246108199111 0.33134409548166827 0.4259578867580451 0.5232216135258613 2.9353250421199557
220 1980 0.2190172878992795 2.995027016387643 0.0032300548131333267 0.0032300548131333267 0.0053617706863352994 0.20053509154657134 0.3064870681328816 0.42554951687204784 0.532480712670798 2.995027016387643
221 1989 0.2232749217186118 3.011034730567059 0.0032403201112951164 0.0032403201112951164 0.005227387634031908 0.20128567055111293 0.3009603222069762 0.41088100523610105 0.5250886722198219 3.011034730567059
222 1998 0.24715016451444605 3.0537543846336375 0.0030892372849750994 0.0030892372849750994 0.005252900884816603 0.20260460378904532 0.30222115654267095 0.3965205141590655 0.5195409615453737 3.0537543846336375
223 2007 0.2873003680844063 3.3052617678545393 0.002848956701860667 0.002848956701860667 0.005155233444467697 0.20210440085085477 0.30344354702790044 0.39066619505742967 0.5335448264273663 3.3052617678545393
224 2016 0.3378609004414417 3.614058753815268 0.002747150498523 0.002747150498523 0.0048441408292068085 0.20330146749711397 0.2992908708884998 0.39179230059141384 0.5417237557944606 3.614058753815268
225 2025 0.35603129566501546 4.052951639745711 0.0026065162447029963 0.0026065162447029963 0.004684754886564572 0.19711507114503438 0.2996229728092003 0.3857124647502493 0.5495277238703189 4.052951639745711
226 2034 0.38294747924958317 4.294886118640046 0.0024632781736700035 0.0024632781736700035 0.004551053454211058 0.19148569904025653 0.2972475214482872 0.38262970247047434 0.5539757591932705 4.294886118640046
227 2043 0.4330222387481352 4.581647924200043 0.0024815190684531955 0.0024815190684531955 0.004502670910233743 0.18729118078425108 0.27845413686788745 0.3820890705623879 0.5438107136085301 4.581647924200043
228 2052 0.5060751756268151 4.850501599801077 0.00246034941294243 0.00246034941294243 0.004436974538175437 0.1857116757479992 0.2557724615606307 0.42139689119953977 0.5416579816139726 4.850501599801077
229 2061 0.5588301871359733 5.628077208767324 0.0023677992690994696 0.0023677992690994696 0.0043102829186713555 0.18461954296844893 0.23609415981438486 0.41987354465708066 0.5402092847350006 5.628077208767324
230 2070 0.6002577784264237 6.161846488602038 0.0023714586311868267 0.0023714586311868267 0.004164495347794132 0.1816404336427337 0.22880291030333802 0.4055693603555413 0.5299903116943259 6.161846488602038
231 2079 0.5846394902573316 6.24082966610761 0.0023812664485522465 0.0023812664485522465 0.0037621471326056794 0.17960527897059245 0.2279448015588607 0.4112960804476299 0.56505163992354 6.24082966610761
232 2088 0.5436355072459097 6.419266863594296 0.002356039771418926 0.002356039771418926 0.003630377883560015 0.1729291259476052 0.2083571388899532 0.4056191742557643 0.5717283321004029 6.419266863594296
233 2097 0.5046439861328033 6.431332627352972 0.0023046153338235845 0.0023046153338235845 0.0034154341364548207 0.17034846019452407 0.20370086435612955 0.39626757944694435 0.5808180101086009 6.431332627352972
234 2106 0.5143693461919168 6.649053069288074 0.0022009946100734613 0.0022009946100734613 0.0033590038571407856 0.16092427560099387 0.19871886577550996 0.3940862730818809 0.5852381241572174 6.649053069288074
235 2115 0.5856407738997222 7.107680361760086 0.0021637550858111727 0.0021637550858111727 0.00326873909695687 0.15275209780552626 0.19352845507647795 0.39525648112344774 0.5728033048698646 7.107680361760086
236 2124 0.5717073934415293 8.080264635300315 0.002124158035989603 0.002124158035989603 0.003118063718103915 0.14883873011281296 0.17966366315396204 0.40817040747432687 0.5637757862655911 8.080264635300315
237 2133 0.5049754730926546 8.115930071306199 0.001956834524044132 0.001956834524044132 0.003085201247268706 0.15015107643567863 0.1792082639608153 0.4011434515098247 0.5564971794170779 8.115930071306199
238 2142 0.47192427824695327 8.16134469605068 0.0018042535870323023 0.0018042535870323023 0.0030534873616729877 0.14463133803149106 0.17460714341401629 0.4094908938736187 0.5503505088629265 8.16134469605068
239 2151 0.47892486361487285 8.083674474307971 0.001831394503307702 0.001831394503307702 0.002963918355695164 0.14039515613771136 0.17202412466917877 0.39711314885044735 0.5511966274064612 8.083674474307971
240 2160 0.4472900708566559 8.392034924055928 0.0017212482383181904 0.0017212482383181904 0.0030055473041958568 0.13976936019952418 0.16357765196290022 0.4069633016523649 0.5524543466152734 8.392034924055928
241 2169 0.4332807698118149 8.266375820873327 0.0016894171006514136 0.0016894171006514136 0.0028822361090093855 0.14187698963701842 0.1607663516440747 0.38967112641053264 0.5501931749579655 8.266375820873327
242 2178 0.39973205408420953 8.535847399542472 0.0016706289393804076 0.0016706289393804076 0.002855978055387375 0.14094926154342163 0.1514555849326188 0.3803285838975721 0.556166752575729 8.535847399542472
243 2187 0.368962667434261 8.198118643193174 0.0016044112704378297 0.0016044112704378297 0.0029115031263764746 0.13679411496630484 0.14803013350324218 0.4016912247749418 0.5557463640327782 8.198118643193174
244 2196 0.3682209399981388 8.342127209934535 0.0015662298369162988 0.0015662298369162988 0.0029204114428821263 0.13202487723989445 0.14605589183898027 0.3753197929472288 0.5503784543042868 8.342127209934535
245 2205 0.3481794642794792 8.915082661885451 0.0015216131537870788 0.0015216131537870788 0.0028523714576885726 0.12433055371183707 0.14260072408883362 0.38003110609102886 0.5331482453541133 8.915082661885451
246 2214 0.3000066906941128 9.04252939023642 0.001490201473653018 0.001490201473653018 0.0026920834139298137 0.12625177778800453 0.13182477936718534 0.3913118451288814 0.5353094471532831 9.04252939023642
247 2223 0.2759489123773738 8.731472086606619 0.0014995749154737745 0.0014995749154737745 0.002624862158156015 0.11992386059135002 0.12971448980863837 0.3960128540568833 0.5243676662347647 8.731472086606619
248 2232 0.27137926347770414 8.746992459335134 0.0014360293290030849 0.0014360293290030849 0.002439455429757941 0.12145676613690155 0.1279076469789437 0.40269417406953434 0.5141468012823748 8.746992459335134
249 2241 0.27414427582585504 9.660917980643353 0.0013316903877628853 0.0013316903877628853 0.0023056870191727995 0.12138098808022113 0.12790856912444926 0.41287667819522134 0.4934997249423534 9.660917980643353
250 2250 0.264228658879809 10.180754512552891 0.0012497663398969544 0.0012497663398969544 0.0023634292292019393 0.11656642168001953 0.12316662954736016 0.4101140336248885 0.503898154898876 10.180754512552891
251 2259 0.24824933027363869 10.46739794388735 0.0012133885722460185 0.0012133885722460185 0.0023030356968511915 0.11072969347543307 0.12133882843144392 0.4028530452222835 0.5111675338233341 10.46739794388735
252 2268 0.2137579193210984 10.446161401128572 0.0012083610215603432 0.0012083610215603432 0.002255150088537573 0.10646796567849091 0.1175457698587229 0.402839669399957 0.522236486088894 10.446161401128572
253 2277 0.20941848603692614 9.91785786973693 0.0011892093710771604 0.0011892093710771604 0.002164812897190471 0.1059692796044685 0.11515811423802391 0.39051219053724223 0.5167718310893895 9.91785786973693
254 2286 0.20173791341141373 10.076519632426736 0.0011931939713602918 0.0011931939713602918 0.0020522329685121747 0.10063698549842763 0.11590856502950733 0.3863216307132525 0.5148564783198113 10.076519632426736
255 2295 0.18111996923037227 10.369185029621143 0.0011627532042447909 0.0011627532042447909 0.0020491756986231085 0.09674929894023221 0.11514484768918054 0.3842894426062656 0.4881026853673277 10.369185029621143
256 2304 0.16182322238665778 10.117804437500135 0.001157221283738588 0.001157221283738588 0.0019842180620488425 0.0913208006129271 0.11360185130163397 0.37969070447645165 0.4889396552839774 10.117804437500135
257 2313 0.15355099907812184 9.943475251132758 0.0011396571148883615 0.0011396571148883615 0.0019759789546489603 0.08937043499530853 0.11328796282184865 0.3652353742951645 0.47355088558927544 9.943475251132758
258 2322 0.14010918798170943 9.81762918520667 0.0010512256274982468 0.0010512256274982468 0.001891055165858884 0.08887601577634766 0.11458080969306841 0.3777377563282896 0.48149669335707357 9.81762918520667
259 2331 0.129077873144961 9.868730104642825 0.0010121377182336665 0.0010121377182336665 0.0018637366136704523 0.08465496037947373 0.1071806599465334 0.3779392917650237 0.48226172049173555 9.868730104642825
260 2340 0.1299034283865376 9.89321156856721 0.0009205218752612468 0.0009205218752612468 0.0018001294109228924 0.08475390531134337 0.10595691231629378 0.3879169193351783 0.46529214874656427 9.89321156856721
261 2349 0.13841742450684413 9.899935727451409 0.000922630132970133 0.000922630132970133 0.001726110066568174 0.08193187137112264 0.10525106076832588 0.3815665026951021 0.499074871781919 9.899935727451409
262 2358 0.13598240017721225 10.035867117755894 0.0009206538548195687 0.0009206538548195687 0.001699221298220103 0.07863505106304833 0.10637788447817184 0.3802128471954344 0.5088023639491412 10.035867117755894
263 2367 0.11980956239436823 10.411839149610227 0.00092483131705886 0.00092483131705886 0.001648572724162278 0.07268396680361634 0.10568846772499829 0.37138047279703573 0.515380824452948 10.411839149610227
264 2376 0.1200457484573482 10.10015184548664 0.0009102104309843453 0.0009102104309843453 0.0016016807341458798 0.07131545757493679 0.10365663553744325 0.3738435373071925 0.4843286176039981 10.10015184548664
265 2385 0.12172064362135888 10.230899310444126 0.0008169278502725634 0.0008169278502725634 0.0016081712604710898 0.07051541530550591 0.10284772758808014 0.3679365098031241 0.512155420833988 10.230899310444126
266 2394 0.14028996538992386 10.893658342289426 0.000782302535816054 0.000782302535816054 0.0014907025602893182 0.07052014094291836 0.09920673829773484 0.371374765007441 0.5067501569051981 10.893658342289426
267 2403 0.17718830560703727 10.939492401921688 0.0007746615685938771 0.0007746615685938771 0.001476011973414515 0.06378068906153753 0.10253559299088223 0.3638346871402104 0.5719399119682415 10.939492401921688
268 2412 0.20253204359712007 11.147849883931519 0.0007742867205234767 0.0007742867205234767 0.0014800289368763343 0.06276257887280753 0.09829357235053633 0.3595221552854863 0.6127417634427551 11.147849883931519
269 2421 0.20776611580884752 11.084369302605 0.0007896971397024553 0.0007896971397024553 0.0014099269073621135 0.06169473422758692 0.09192015584615786 0.36718954021944583 0.6129953203484809 11.084369302605
270 2430 0.20123083271332468 11.018397202431077 0.0007850771810031189 0.0007850771810031189 0.0013988082273883441 0.05593389505413124 0.09003030856115844 0.389510283098764 0.6175225618430307 11.018397202431077
271 2439 0.2010642767402014 10.86599493954846 0.0007565910038122699 0.0007565910038122699 0.0013644438535551516 0.05291171102799285 0.08905520820377312 0.403172631896837 0.6128764932775763 10.86599493954846
272 2448 0.20270448791084764 10.693302523135968 0.0007062026797404976 0.0007062026797404976 0.001397120352808905 0.05076953468808837 0.08595276733910351 0.40536842598269823 0.6240125278130104 10.693302523135968
273 2457 0.1835040713574947 11.420782743269243 0.0007018821125108286 0.0007018821125108286 0.001267517571686087 0.050099148785708016 0.08287686902672371 0.40543920996894534 0.6255852740126383 11.420782743269243
274 2466 0.17550552854134535 11.497282747098469 0.0006901485505747817 0.0006901485505747817 0.0011669698819094325 0.04855608385263577 0.07972626727687777 0.4086007879283144 0.6233420806998864 11.497282747098469
275 2475 0.1671175476762504 11.714905874036594 0.0006734614208454512 0.0006734614208454512 0.001165684825805917 0.0466370559036003 0.07833310800540211 0.405452735041151 0.6073701643948937 11.714905874036594
276 2484 0.15573106924366859 11.466526429438629 0.0006617498637725641 0.0006617498637725641 0.0011322489271856104 0.044593933210709494 0.07650387522160206 0.4056517549871926 0.6200428365527897 11.466526429438629
277 2493 0.15629898600545375 11.179048978180248 0.0006453214367542954 0.0006453214367542954 0.0011316111733268165 0.04050062947346007 0.07599477702426176 0.4046180559532604 0.6468690349791278 11.179048978180248
278 2502 0.17616707512740198 12.14500630731492 0.0006214879521452916 0.0006214879521452916 0.0011404323492454796 0.03799963431756299 0.07492105794456616 0.4043958883468969 0.6381243665947477 12.14500630731492
279 2511 0.16086631526549652 12.376732834291545 0.0006114861417546156 0.0006114861417546156 0.0010798959103985022 0.03668271608443245 0.07342715438512337 0.4375258888751346 0.6559348302963249 12.376732834291545
280 2520 0.14616151829283638 12.160429259604594 0.0005909861966006572 0.0005909861966006572 0.000992487992204448 0.036405743145904015 0.07345866281991836 0.44039329239534886 0.6615381738844966 12.160429259604594
281 2529 0.13821693955089084 11.386440212435888 0.0005797785997329635 0.0005797785997329635 0.0009651459386662418 0.03571665940278341 0.0728106371835408 0.4349353099641902 0.6642884528073763 11.386440212435888
282 2538 0.1431998377335188 11.390706572012355 0.0005485430978866613 0.0005485430978866613 0.0009499615291856428 0.03449245183692848 0.07377416281122053 0.4414247831101747 0.6448548270858387 11.390706572012355
283 2547 0.14251565750358483 11.219082302191092 0.0005401275822041996 0.0005401275822041996 0.0009246833082599376 0.03267765339295452 0.07348200643422323 0.4634860371518818 0.6546891312586652 11.219082302191092
284 2556 0.12789019222938722 11.44454984719409 0.000532396609172368 0.000532396609172368 0.0009180022555972957 0.02995770884693666 0.07325752444725085 0.46025533320857365 0.6811181536082805 11.44454984719409
285 2565 0.10849101372461008 11.343040825722515 0.0005071881061638272 0.0005071881061638272 0.0008510272545302873 0.029552972669103294 0.07340284852894025 0.4543348196988009 0.6808961814067561 11.343040825722515
286 2574 0.10019648343645059 10.631911204603153 0.0004964922680082883 0.0004964922680082883 0.0008450373126445041 0.0282832518074822 0.07114796518724441 0.44844390422418257 0.675056609485191 10.631911204603153
287 2583 0.09669225200233689 10.336436030089759 0.0004982950398351272 0.0004982950398351272 0.0008305045776018085 0.027644512173726002 0.069936199664421 0.4319812519988062 0.6930392716584273 10.336436030089759
288 2592 0.10130635583578418 10.3282799757557 0.0004813856349954304 0.0004813856349954304 0.0008125390622510922 0.027390175357365112 0.06668518090939912 0.46749684623883103 0.6623687054422605 10.3282799757557
289 2601 0.09301126878303626 10.482671230088762 0.00046264726040817994 0.00046264726040817994 0.000811315283721906 0.027241047273897544 0.06815408154916272 0.47376743844176483 0.6618440813919088 10.482671230088762
290 2610 0.08508877661313016 10.353831212761078 0.0004512070231365258 0.0004512070231365258 0.000775568522495182 0.02739256090776557 0.06500197440600976 0.4656074395555013 0.6687739851708556 10.353831212761078
291 2619 0.07471470694127687 9.914619626124319 0.00043785722317526916 0.00043785722317526916 0.000765375479508064 0.02644784366834184 0.06263340883675411 0.4758141496516168 0.6698494382099262 9.914619626124319
292 2628 0.06925829989361722 10.014499212724333 0.0004314049650208808 0.0004314049650208808 0.0007396271671380863 0.025876713359704755 0.05827636467656093 0.46659709268923 0.6693700825235136 10.014499212724333
293 2637 0.06666665194151297 9.541099216171004 0.00042932523090915675 0.00042932523090915675 0.0007427359497001643 0.02575745272587685 0.05508923963170092 0.47135844521128795 0.6739363598811232 9.541099216171004
294 2646 0.0687389266883946 9.369164868937593 0.0004238953577476114 0.0004238953577476114 0.0007497595293247303 0.02433418426416899 0.05429227404586603 0.46810959461995666 0.6974192345287671 9.369164868937593
295 2655 0.06721838207480454 9.722823451054854 0.0004226643867039744 0.0004226643867039744 0.0007050068949877109 0.024711336904831464 0.05412942548677484 0.4662510282426662 0.7000066990458067 9.722823451054854
296 2664 0.058798732063560046 9.792907985897152 0.0004132613147023409 0.0004132613147023409 0.0006788805342776017 0.02394263752140727 0.05373734125650836 0.45927008942192543 0.6966940422592967 9.792907985897152
297 2673 0.05330597684178854 9.748100941071348 0.0004148898873407488 0.0004148898873407488 0.0006643481417919585 0.02303971152333626 0.05065615309051957 0.4622354870889101 0.6817709037580025 9.748100941071348
298 2682 0.04830739977457779 9.104759860478195 0.00042290506581457195 0.00042290506581457195 0.0006226796115941707 0.023130031418389776 0.05001002776499287 0.4851488748047289 0.6827681424255521 9.104759860478195
299 2691 0.04556069256418737 8.88511740965732 0.00040430798706392866 0.00040430798706392866 0.000610722496659303 0.022190035316637477 0.04843429015591551 0.49933392271479743 0.6983592848575402 8.88511740965732
300 2700 0.04043238263952705 8.634374480446425 0.00038440358969755263 0.00038440358969755263 0.0006080481682839262 0.02133137053075122 0.04796254884558046 0.5077890144697603 0.7017631786447388 8.634374480446425
301 2709 0.03649478738839406 8.172103660152958 0.000377841011653412 0.000377841011653412 0.0005680844897112443 0.021133428967612444 0.04806771357964191 0.510538895455626 0.688301111924888 8.172103660152958
302 2718 0.035773650090340996 8.227656011825776 0.0003706508908852393 0.0003706508908852393 0.0005505649556099294 0.01987284011437276 0.04700886451594002 0.509706421415005 0.6688552578692927 8.227656011825776
303 2727 0.034133923079809815 8.29494974672227 0.0003496816727502182 0.0003496816727502182 0.0005409482681337226 0.01974785844244365 0.046585019755259374 0.5076028838984705 0.6895465435953367 8.29494974672227
304 2736 0.028045204224105398 8.175041943957973 0.0003378394764579438 0.0003378394764579438 0.0005394605262635871 0.019049560457116452 0.0472278394270043 0.5114429100121295 0.6745714187646478 8.175041943957973
305 2745 0.02645807923675158 8.217241804442962 0.00032840159582432166 0.00032840159582432166 0.0005218538288907858 0.01825680259188397 0.04425914455282928 0.5142989798931943 0.6688710618874174 8.217241804442962
306 2754 0.025822218277050984 7.889465018713468 0.0003189013241680996 0.0003189013241680996 0.000493904801528676 0.01813616967421197 0.04398814672113186 0.5206186204492742 0.6890287970614158 7.889465018713468
307 2763 0.025194952030782994 7.555096302601287 0.0003103093119359124 0.0003103093119359124 0.0004946557840835312 0.016947825906453114 0.04361046807575166 0.5177786978988929 0.7238120374268854 7.555096302601287
308 2772 0.025261528602121847 7.57641903532454 0.00030686581951413545 0.00030686581951413545 0.00048591035351926994 0.016477932139102324 0.042318028273470046 0.5228552036262154 0.7313199925966065 7.57641903532454
309 2781 0.02582519277647387 7.746351728966193 0.0002978776476618297 0.0002978776476618297 0.0004790912157498184 0.015814248889554114 0.038652370651294954 0.5258264074340393 0.8098596329923847 7.746351728966193
310 2790 0.025033640017336246 7.552571911811905 0.0002935806529893461 0.0002935806529893461 0.00046438842661312616 0.0157367913592182 0.036856455132921385 0.518445845522765 0.8546259822665823 7.552571911811905
311 2799 0.02271228093123168 7.606700904662551 0.000279732216031639 0.000279732216031639 0.0004492995279407986 0.014988095432088852 0.03582506372642592 0.528851163600221 0.8545428824485833 7.606700904662551
312 2808 0.020365990636672802 7.581523353206872 0.00025374068041944753 0.00025374068041944753 0.0004393072884237074 0.014788889468722631 0.03555667137158095 0.5262388617503281 0.8622405505722176 7.581523353206872
313 2817 0.0214272301316612 7.553564258718381 0.00025428076215045224 0.00025428076215045224 0.0004014306161632994 0.013989379672378247 0.03526865351391208 0.5140143267706409 0.867513165918279 7.553564258718381
314 2826 0.01907806916979317 7.199645799900142 0.0002616049683562483 0.0002616049683562483 0.0003864213508177562 0.014135963444068863 0.03330680776485588 0.5183886188249307 0.9363605926879712 7.199645799900142
315 2835 0.019681544914690947 7.08644733884071 0.0002591980526518574 0.0002591980526518574 0.0003557665757319359 0.01439698796280241 0.031973819493172115 0.5045955952459154 0.9527760016159527 7.08644733884071
316 2844 0.017405761567751095 6.900452940423603 0.00025586811613547035 0.00025586811613547035 0.0003307339732927737 0.014034681721804576 0.03324882057752966 0.5402910433877431 0.954955056854415 6.900452940423603
317 2853 0.01710519700066649 6.2705499290298485 0.000254128244053343 0.000254128244053343 0.00032975801619612 0.013935852489742481 0.032953211167009104 0.5412725970871181 0.9537595366970123 6.2705499290298485
318 2862 0.015551390182134653 6.460522657106584 0.0002361498546372241 0.0002361498546372241 0.0003239158522844882 0.013582126142028864 0.03226438546390139 0.5597036397756869 0.9312628408717051 6.460522657106584
319 2871 0.014207819293554727 6.528067145690868 0.00021743523932881036 0.00021743523932881036 0.0003225235130607612 0.013625146507828928 0.029749615551271633 0.5663902036346874 0.9671825305058444 6.528067145690868
320 2880 0.013229317378073214 6.378583361831549 0.00021837955559310027 0.00021837955559310027 0.0003128462897329955 0.013125156719444007 0.029235623440306453 0.5535377874254215 0.9717798159194083 6.378583361831549
321 2889 0.011963095820011939 6.371417170802956 0.00021680212634713793 0.00021680212634713793 0.0003028729729411237 0.012769105754856794 0.02894967233019869 0.5776816407666255 0.9592912183542281 6.371417170802956
322 2898 0.011402106413932049 6.302240839715899 0.00021525052086037423 0.00021525052086037423 0.0003110620321121818 0.01198282356275174 0.028785559399446013 0.5549319856203593 0.9550695449173066 6.302240839715899
323 2907 0.010037248242788132 6.284762812728415 0.00020229804497541497 0.00020229804497541497 0.00031267163211469006 0.011638211032091684 0.026977227674686022 0.5779327421716973 0.955077275630082 6.284762812728415
324 2916 0.008830677879626892 6.179973210831366 0.00020036221324516227 0.00020036221324516227 0.00030333119118281746 0.011369764608847623 0.025145197019011304 0.5817259541453671 0.9524006282916894 6.179973210831366
325 2925 0.007888678714748796 5.973881795018609 0.00019770430899458368 0.00019770430899458368 0.00030476649382142005 0.010898751078760713 0.02406589392260723 0.5657697377721947 0.9417618243922943 5.973881795018609
326 2934 0.007436562985771613 5.918808458359434 0.00018296518601496666 0.00018296518601496666 0.00030920791294445683 0.010740232848874801 0.0226277052056808 0.5505193600138382 0.9760191452005712 5.918808458359434
327 2943 0.006424795545380344 5.8832438574492025 0.00017573032545990317 0.00017573032545990317 0.000308475753228078 0.010055267192327697 0.022615276132975648 0.5534068311963513 0.9773092826429876 5.8832438574492025
328 2952 0.00605474009278658 5.4028604963332745 0.00017529506316401366 0.00017529506316401366 0.00028874824348059747 0.009840489023592946 0.023088390718394254 0.5484530655639985 0.982864352155289 5.4028604963332745
329 2961 0.0056108288810707875 5.316633154986092 0.00017371662411693335 0.00017371662411693335 0.00028874024246495784 0.009718411489075422 0.021698340584539805 0.5269796102705376 1.0685946835399767 5.316633154986092
330 2970 0.005236513159151782 5.071247333454685 0.00017399102627214252 0.00017399102627214252 0.00027812879771030893 0.009477582770005655 0.020089449182430764 0.548028315225905 1.0837711773567682 5.071247333454685
331 2979 0.0048684564574070464 4.940944919800734 0.00017011848646565495 0.00017011848646565495 0.0002807142940478541 0.009525442920736843 0.0180355183565171 0.555775576277794 1.091033036869182 4.940944919800734
332 2988 0.004710750451991369 4.819827800408589 0.00016983982419230785 0.00016983982419230785 0.00026992420532854133 0.009277223996324387 0.01714636601047594 0.5742860851154051 1.0956214955492174 4.819827800408589
333 2997 0.004446570088015214 4.611641288765064 0.00016531055823700897 0.00016531055823700897 0.00027159073648531766 0.009244981625150873 0.016648481922487912 0.5765847148802234 1.1058071059718162 4.611641288765064
334 3006 0.0037349530232701827 4.41014438009592 0.00016479568487780158 0.00016479568487780158 0.00024299239143612695 0.009168685705952308 0.016328935247367667 0.595778831740438 1.1134937562511247 4.41014438009592
335 3015 0.003508199627840006 4.039998118619626 0.00016322893961806786 0.00016322893961806786 0.00024082858412099778 0.008849131760234743 0.01581183447356181 0.6022618957428645 1.1276594656092431 4.039998118619626
336 3024 0.003262301985854535 4.27089248056694 0.0001627839014635464 0.0001627839014635464 0.0002368337070796019 0.008518983421155235 0.015043171909367267 0.5921053380547265 1.0971563034213672 4.27089248056694
337 3033 0.0030050062169394995 4.276343441361414 0.00015140872268327345 0.00015140872268327345 0.00023741640950533088 0.008288514105653767 0.014906189533146947 0.5797568254990056 1.0839424925119152 4.276343441361414
338 3042 0.0026930534806960224 4.095940028151377 0.0001389715123492582 0.0001389715123492582 0.0002438306972528451 0.008263490549868392 0.0145386825885463 0.5923028128687335 1.0574608044451814 4.095940028151377
339 3051 0.002761299512999888 3.9722352834078754 0.0001364109735722904 0.0001364109735722904 0.0002431161100998139 0.007952150424352331 0.014072395135139212 0.58022228847652 1.0549439242334826 3.9722352834078754
340 3060 0.002745221499314409 3.966663099144601 0.0001374884440264479 0.0001374884440264479 0.0002335239606955839 0.00769225759143377 0.013848622761258554 0.6023093279855907 1.0659113299513263 3.966663099144601
341 3069 0.0025213069265135972 4.009735949899927 0.00013062778462964272 0.00013062778462964272 0.00022908765951789624 0.007761612097885656 0.01330932068107837 0.6034742619000834 1.088275595846449 4.009735949899927
342 3078 0.0022852752689531005 4.007184922988072 0.00012777673681691517 0.00012777673681691517 0.00021794587597686864 0.007797089342546241 0.013480529876999985 0.5687499572854999 1.094245784718692 4.007184922988072
343 3087 0.002217134385652336 3.8702885038914094 0.00012566653838529254 0.00012566653838529254 0.000223188904877193 0.007533619983838406 0.012821608216141735 0.570640098046698 1.0791471772010295 3.8702885038914094
344 3096 0.0019733198527816095 3.809684859450976 0.0001229019260567756 0.0001229019260567756 0.00021211370169136156 0.0073103929727225 0.012699075108917473 0.586395899238469 1.106327920348903 3.809684859450976
345 3105 0.001821014559030426 3.7638088589923298 0.00011385736783222894 0.00011385736783222894 0.00021554268483052174 0.007003372257163545 0.012577668357825615 0.5954713893881944 1.0951836435766888 3.7638088589923298
346 3114 0.0016511530932363273 3.725413541979693 0.00011189901392790453 0.00011189901392790453 0.00021001450969420144 0.007022282306460777 0.012351828038856243 0.6080338759037176 1.0483729065026244 3.725413541979693
347 3123 0.001607386400484081 3.585806499505312 0.00010364225531218457 0.00010364225531218457 0.0002067172751114647 0.006950844312451258 0.01215862596799746 0.6182817689425326 1.0451084967958117 3.585806499505312
348 3132 0.001621273784818383 3.662125960337702 0.0001037897099304604 0.0001037897099304604 0.00019837112259817922 0.00671967338959584 0.011790408747599148 0.64660402034741 1.0083346147859262 3.662125960337702
349 3141 0.0014439725206443885 3.528781900178534 0.00010372082662997538 0.00010372082662997538 0.00019726930814758584 0.006165089193545077 0.011753234338961992 0.6834104182582132 0.996842501867867 3.528781900178534
350 3150 0.0012306476937727258 3.4577335536405864 0.00010391762260331038 0.00010391762260331038 0.00018754106455214298 0.005945672095158327 0.011423134164918651 0.6662873096755009 1.0064352449132914 3.4577335536405864
351 3159 0.0011296180627283561 3.4362038986931394 9.95153399043946e-05 9.95153399043946e-05 0.00017850784485755818 0.005790201989850378 0.011342191246765323 0.6679636051448979 0.9829605815191736 3.4362038986931394
352 3168 0.001129176943282754 3.380947215973197 9.604278599103226e-05 9.604278599103226e-05 0.0001738689959911691 0.005761612229700613 0.010923391028057897 0.6866267864380335 0.9739711450333415 3.380947215973197
353 3177 0.0010425203715516305 3.2480760621981655 9.036925683031673e-05 9.036925683031673e-05 0.00017444397376820014 0.005705661313214404 0.010693507173194927 0.7272134689280381 1.0051346897732485 3.2480760621981655
354 3186 0.0008788630161701557 3.2454929424344705 8.724413420451708e-05 8.724413420451708e-05 0.00017017741990510985 0.005655706781385742 0.01004193205032524 0.7015177568721217 1.0028198459567519 3.2454929424344705
355 3195 0.0007974554624714464 3.185852374855309 8.526365340499244e-05 8.526365340499244e-05 0.00015794307647186347 0.005505789136640654 0.009791509438418472 0.7049994775030124 0.9944072842340186 3.185852374855309
356 3204 0.0007508252618946134 3.089057913752588 7.915538285727989e-05 7.915538285727989e-05 0.00015619079609255327 0.00532635093738766 0.009409887273030344 0.727729932772752 1.0035051802534327 3.089057913752588
357 3213 0.0007392996357143509 3.084543917664139 7.53169000918862e-05 7.53169000918862e-05 0.00015821233733838205 0.005179438324871164 0.009369739695105921 0.7082872661661758 0.9985164379693484 3.084543917664139
358 3222 0.0006807144132431349 3.0684242788952236 7.414604447240374e-05 7.414604447240374e-05 0.00015582798613672825 0.005199074207426509 0.009643899899326222 0.6902418763758017 0.994066174028914 3.0684242788952236
359 3231 0.0006292661632757027 2.9198146321162834 7.439929761785175e-05 7.439929761785175e-05 0.0001556811276758875 0.0052188849023099655 0.00902872957016391 0.6813733178625516 1.0023910005213668 2.9198146321162834
360 3240 0.0005519926474302544 2.9445615033122996 7.595153725716743e-05 7.595153725716743e-05 0.00015116029139922805 0.005002939448824282 0.008762715249184492 0.667836719464923 1.010223468100802 2.9445615033122996
361 3249 0.0004642160717275893 2.8634813734932067 7.488724303112446e-05 7.488724303112446e-05 0.00015307609639859257 0.004676942040232828 0.008598562529168532 0.679407415703344 1.00811840774943 2.8634813734932067
362 3258 0.0003968240298782631 2.7937901195441683 7.397281586746155e-05 7.397281586746155e-05 0.0001473823178156918 0.004583308539364896 0.008139730878429436 0.6795070205362185 0.9804049397182995 2.7937901195441683
363 3267 0.0003602337764564464 2.737681244353913 7.19068643477356e-05 7.19068643477356e-05 0.00014807105400995262 0.004313459760438102 0.007821272795986295 0.6616811586546824 0.9790639778312343 2.737681244353913
364 3276 0.0003476475869165445 2.77729285433112 6.827440429112291e-05 6.827440429112291e-05 0.00014948259992090786 0.004104075473404763 0.0077886035836491055 0.667461286149671 0.9488380021199502 2.77729285433112
365 3285 0.00033002041386075344 2.6849263015192775 6.749781574091378e-05 6.749781574091378e-05 0.0001431233963010207 0.004136756772849162 0.007867051376773508 0.6515206053581233 0.9710748196459534 2.6849263015192775
366 3294 0.000303801683828739 2.6317624313449337 6.446405754753102e-05 6.446405754753102e-05 0.00014387258710997212 0.004079216544909998 0.007780808036773494 0.6345464469732932 0.9825978016063642 2.6317624313449337
367 3303 0.0002715954913958146 2.597891131821607 5.9721468731019506e-05 5.9721468731019506e-05 0.00014764072387516732 0.004094679599560953 0.007698477338634016 0.6129907889356841 0.9514511347637631 2.597891131821607
368 3312 0.0002625650188412982 2.5760626048037154 5.5582348372348124e-05 5.5582348372348124e-05 0.00014342556221038597 0.003961837315319374 0.007850884702542499 0.6110117234545577 0.92140340886561 2.5760626048037154
369 3321 0.000277549880997024 2.6194715863103806 5.542837846322893e-05 5.542837846322893e-05 0.00013492627166843281 0.00395991625866399 0.0077927494124757305 0.6061283342794588 0.8845265386907879 2.6194715863103806
370 3330 0.00028266964238118605 2.642592700488419 5.354842410483884e-05 5.354842410483884e-05 0.00013262431633350423 0.003937363169538054 0.007620198584475846 0.6450422868385082 0.8666134114052039 2.642592700488419
371 3339 0.0002824363089154342 2.677492902022272 5.1729642901003544e-05 5.1729642901003544e-05 0.0001290564330942094 0.003817348221530983 0.007412924916233606 0.6432365858262282 0.8848835597551193 2.677492902022272
372 3348 0.0002645987652368603 2.9026152817405855 5.231938491568392e-05 5.231938491568392e-05 0.00012930023326552395 0.003689944577620298 0.0067964932581512085 0.6438474861224434 0.8725170678136931 2.9026152817405855
373 3357 0.00024805432169508495 2.956731371389268 5.217464155606163e-05 5.217464155606163e-05 0.00012664288875754485 0.0036515479500377613 0.006099200070730682 0.6694062936476898 0.8602886563024232 2.956731371389268
374 3366 0.00023075636293441533 2.9885744823938483 5.1772505131582455e-05 5.1772505131582455e-05 0.00012724806181079785 0.003536463974260642 0.005903494793030113 0.6435995788256531 0.8259202669181014 2.9885744823938483
375 3375 0.00021177068908536834 3.0142412878141194 5.0629044008153315e-05 5.0629044008153315e-05 0.00012627632544369327 0.0033487811746740815 0.005858084447564205 0.6307691824249826 0.8608363825695742 3.0142412878141194
376 3384 0.0001847229244713745 2.9118612468107674 4.9082737702994464e-05 4.9082737702994464e-05 0.00012201729662991108 0.0032630514178360313 0.006037006215017085 0.6364953983604267 0.8459115989220861 2.9118612468107674
377 3393 0.0001739070528636293 2.9050301706401833 4.948282293949114e-05 4.948282293949114e-05 0.00011776454445016687 0.003229604226828082 0.00585134032577131 0.6286439267923722 0.7960515459070818 2.9050301706401833
378 3402 0.00019351624000439637 2.9228493626857652 5.180108158139944e-05 5.180108158139944e-05 0.00010937165960761829 0.0032431650038424816 0.005786234273320577 0.608835958592195 0.7857824078851661 2.9228493626857652
379 3411 0.00018768665419896836 2.8847457201476416 5.4292832360317486e-05 5.4292832360317486e-05 0.0001020045435639687 0.003185048035433506 0.0059575699732100675 0.6019196353855009 0.8218834192745219 2.8847457201476416
380 3420 0.0001640437859583379 2.987097445470884 5.463037129830583e-05 5.463037129830583e-05 9.661555797148414e-05 0.0031697430144155703 0.005873020852505075 0.6100268012985236 0.8224624014046106 2.987097445470884
381 3429 0.00014840636165761148 2.8515365373414485 5.359913445361594e-05 5.359913445361594e-05 9.517542345229021e-05 0.0030357122801779545 0.005821330752687808 0.6159751328277223 0.8327132555078005 2.8515365373414485
382 3438 0.00013132538590408528 2.7447690539167935 5.241571549051625e-05 5.241571549051625e-05 9.533860535873042e-05 0.002801867732347811 0.00583973996085543 0.6106248563792738 0.8361976898303302 2.7447690539167935
383 3447 0.00012388673518106305 2.6788458913306616 5.0004740200929925e-05 5.0004740200929925e-05 9.120259236054451e-05 0.0027367538820096326 0.005831538076183893 0.6111101158482588 0.8009488793644775 2.6788458913306616
384 3456 0.00011000258469245389 2.7728418681563833 4.769655493945632e-05 4.769655493945632e-05 9.186997044619565e-05 0.002584787768490448 0.005787447292556709 0.6158661038986492 0.7849734408602745 2.7728418681563833
385 3465 9.742997708249742e-05 2.822980386108197 4.611430054712137e-05 4.611430054712137e-05 9.132247983031156e-05 0.0024503694408441875 0.005484669963164974 0.6098084890706179 0.7811689658423805 2.822980386108197
386 3474 8.619984189291216e-05 2.690223194506474 4.221930939052111e-05 4.221930939052111e-05 9.136614455304189e-05 0.0024116009201036754 0.0054015549577948905 0.5985123655054201 0.7944539753663981 2.690223194506474
387 3483 8.332589173622239e-05 2.6795000482385785 4.190992570455679e-05 4.190992570455679e-05 8.89166290544661e-05 0.002383231688526087 0.00513248104460132 0.5971852073255945 0.7654651255562313 2.6795000482385785
388 3492 8.418398661561118e-05 2.6491147222296494 4.244098847243763e-05 4.244098847243763e-05 8.864255189270662e-05 0.002372990675470661 0.004989842065512723 0.5913266577103199 0.7306729667584071 2.6491147222296494
389 3501 7.388316116431415e-05 2.6543901042325357 3.9654938592345986e-05 3.9654938592345986e-05 9.126571122851781e-05 0.0023634690385339655 0.0050339908012891925 0.5838721403172606 0.725327066640429 2.6543901042325357
390 3510 7.752505478485394e-05 2.6796236000235467 3.773533583271005e-05 3.773533583271005e-05 9.035991830944303e-05 0.0022988780511637784 0.004698567550097921 0.5726221564158643 0.7259835364165893 2.6796236000235467
391 3519 7.804078702357262e-05 2.7149381503756906 3.675799348042529e-05 3.675799348042529e-05 9.255282461470297e-05 0.002266795096119536 0.0046538707795207935 0.5604680057170353 0.7515641146466459 2.7149381503756906
392 3528 7.66623222680896e-05 2.746424541115169 3.97029558350037e-05 3.97029558350037e-05 8.866050273154901e-05 0.0021867461684067337 0.004668806988327276 0.5441029515492419 0.72975753666371 2.746424541115169
393 3537 7.344690384314731e-05 2.6195582358167924 3.978213221934976e-05 3.978213221934976e-05 8.725024741733977e-05 0.0022001592191268154 0.0045252709645130385 0.5583697266932952 0.7366157517055979 2.6195582358167924
394 3546 6.44334613345978e-05 2.548872657480533 3.918148189546626e-05 3.918148189546626e-05 8.390970995516443e-05 0.0021865505550140124 0.004388491795696895 0.543207924795024 0.769773894549126 2.548872657480533
395 3555 5.725383990085684e-05 2.504786905552205 3.924111802437239e-05 3.924111802437239e-05 8.239344036244286e-05 0.0021101935062752372 0.004310414482267729 0.537594773568702 0.7369790273976562 2.504786905552205
396 3564 4.956987056328063e-05 2.384980389898909 3.837810879055381e-05 3.837810879055381e-05 7.807636488550858e-05 0.002078939668097125 0.004296792061067182 0.5409640503212755 0.7470107375283564 2.384980389898909
397 3573 4.248264335437438e-05 2.3656588885680674 3.8973095772811354e-05 3.8973095772811354e-05 7.657406218789131e-05 0.002053029755985207 0.004183977635185148 0.5054345110050655 0.7315612185355624 2.3656588885680674
398 3582 4.160334665548958e-05 2.3547046841813195 3.6508668720398836e-05 3.6508668720398836e-05 7.315012437617175e-05 0.002064016182190103 0.004128157811929495 0.5007153205357137 0.7033643701728669 2.3547046841813195
399 3591 3.7657418651837734e-05 2.3568781290640795 3.641271413028223e-05 3.641271413028223e-05 6.68388003432348e-05 0.0020294450225620125 0.004235304044676155 0.4916106123402944 0.7151664876833138 2.3568781290640795
400 3600 3.745796112932181e-05 2.3557387399394942 3.628410878128365e-05 3.628410878128365e-05 6.741904681938778e-05 0.0019014519376612307 0.004239838314162983 0.4662488536968474 0.7034140470125434 2.3557387399394942
401 3609 3.814753271168424e-05 2.533716590876032 3.6554251343908396e-05 3.6554251343908396e-05 6.414736587683985e-05 0.001820947349993078 0.003969808497155662 0.4707144204009174 0.7090042367774986 2.533716590876032
402 3618 3.7941337165399334e-05 2.6441866682275874 3.6893102019903715e-05 3.6893102019903715e-05 6.484353460575988e-05 0.0017423775954305044 0.0038755982434624005 0.4621254272018222 0.6735946349890448 2.6441866682275874
403 3627 3.064451988522416e-05 2.748485701129339 3.406181510366638e-05 3.406181510366638e-05 6.479253997793052e-05 0.0017388429701295034 0.0037579199023948223 0.44699375756602117 0.6731416631971677 2.748485701129339
404 3636 2.7954311112056046e-05 2.7990759386557573 3.479510233949423e-05 3.479510233949423e-05 6.1033724384070634e-05 0.0017031667354199388 0.003669918126953988 0.43224733096610113 0.6457566876145537 2.7990759386557573
405 3645 2.8019913998402934e-05 2.863915624548691 3.359337680748247e-05 3.359337680748247e-05 5.747590812436623e-05 0.001675086363303841 0.0035578820467806293 0.42859930034110916 0.6453792294310059 2.863915624548691
406 3654 2.452852653142195e-05 2.8800974859632102 3.1790257724583136e-05 3.1790257724583136e-05 5.697701523184569e-05 0.0015943607722331086 0.0035303151946674462 0.44097055196804974 0.6480377693477075 2.8800974859632102
407 3663 2.113975092490035e-05 2.8526420344725216 3.140694045247895e-05 3.140694045247895e-05 5.5257937008685035e-05 0.0015268796946406227 0.003555264471660204 0.4310418206866578 0.6434137864356686 2.8526420344725216
408 3672 1.9459833968625167e-05 2.8298630855001843 3.0384066225970626e-05 3.0384066225970626e-05 5.0790608881328176e-05 0.0015088549264018311 0.0035156478973717106 0.42356149405694016 0.6410798783856103 2.8298630855001843
409 3681 2.0410581393504516e-05 2.6899474285924376 2.943924112269142e-05 2.943924112269142e-05 5.033832168935663e-05 0.0014779525714239462 0.0034640409250884926 0.4128124300341078 0.6801460693997005 2.6899474285924376
410 3690 1.968820159413916e-05 2.693707427394092 2.7271628579614134e-05 2.7271628579614134e-05 4.9648694686572145e-05 0.0014976994040929916 0.0035057308905422895 0.4078174674111358 0.7219763364390215 2.693707427394092
411 3699 1.9735337167848417e-05 2.7820912367135846 2.490730061621814e-05 2.490730061621814e-05 5.064525986981319e-05 0.0015232506097161206 0.0034886852610607377 0.3963632773919984 0.7176075726092807 2.7820912367135846
412 3708 1.9174277122968327e-05 2.740696930322554 2.640896535065848e-05 2.640896535065848e-05 5.126277691471925e-05 0.0015006232621776114 0.0031883135497982416 0.3933168303591816 0.7168951712476875 2.740696930322554
413 3717 2.1512180861644122e-05 2.723867369139566 2.5643608161920727e-05 2.5643608161920727e-05 5.0952331585108176e-05 0.0014987420873793689 0.0031890172615771572 0.386920669909079 0.7127634026798969 2.723867369139566
414 3726 2.149270192507748e-05 2.7073003901412123 3.04382398001241e-05 3.04382398001241e-05 4.745714839490965e-05 0.0014984246091110144 0.003092118743722802 0.3894636025917719 0.6917657175773764 2.7073003901412123
415 3735 1.9152680119748367e-05 2.572990948779514 3.023883902749096e-05 3.023883902749096e-05 4.598346762416753e-05 0.001426470815795504 0.0031154729404796536 0.387719814613928 0.7067814822529834 2.572990948779514
416 3744 1.712562734124577e-05 2.6199513155247858 2.9134636806113628e-05 2.9134636806113628e-05 4.435555290764924e-05 0.0013515339015270661 0.0031258724735350307 0.38585467575224364 0.6885050089513097 2.6199513155247858
417 3753 1.4637574611623786e-05 2.5636326579562656 2.9011116089120824e-05 2.9011116089120824e-05 4.414125127038678e-05 0.0012872264539238404 0.003024084698730613 0.3821945656630073 0.6972326497490523 2.5636326579562656
418 3762 1.4232345603114444e-05 2.5322056996322213 2.8300314197207663e-05 2.8300314197207663e-05 4.404651786199899e-05 0.0012839260386297239 0.002903026840186228 0.37415067089254617 0.6776203012644774 2.5322056996322213
419 3771 1.3444024038583709e-05 2.628905181298233 2.771072262503816e-05 2.771072262503816e-05 4.429919830762786e-05 0.0012298499059656134 0.0027722946407329873 0.3725736036843614 0.6681684486655012 2.628905181298233
420 3780 1.2333704971196754e-05 2.6884823507323943 2.6729088991746875e-05 2.6729088991746875e-05 4.324853293877742e-05 0.0012298353303641287 0.002733129355843824 0.35187831951084536 0.6502114861744221 2.6884823507323943
421 3789 1.0908151954910185e-05 2.762472542530287 2.6252017877608592e-05 2.6252017877608592e-05 4.26305342243537e-05 0.0011986646966211678 0.0027100465275071515 0.35347665328439287 0.6232551212795422 2.762472542530287
422 3798 9.24573825565136e-06 2.736184992819777 2.5538325371736754e-05 2.5538325371736754e-05 4.0764973111373224e-05 0.0011698416677096263 0.0026950305474616517 0.33730755397574447 0.6172752618746048 2.736184992819777
423 3807 8.868503182657691e-06 2.657400132736368 2.4521677733521428e-05 2.4521677733521428e-05 3.920735652071862e-05 0.001135434297984921 0.0026323532292345615 0.32683274624715625 0.6223974310372073 2.657400132736368
424 3816 9.263767488349001e-06 2.640023382829142 2.4300563784380266e-05 2.4300563784380266e-05 3.9447592054019855e-05 0.0010884718888198046 0.0026429348097250335 0.3235021272929963 0.6044321748598676 2.640023382829142
425 3825 8.992697770555992e-06 2.593027781439083 2.4234493078198455e-05 2.4234493078198455e-05 4.0955673348303666e-05 0.0011006209498528841 0.002483899765964959 0.30491562485572665 0.6317664069150741 2.593027781439083
426 3834 8.87382619422649e-06 2.6502112580618253 2.389461668683615e-05 2.389461668683615e-05 4.085852823135828e-05 0.0010699289839192936 0.00231544790965356 0.3005327038467176 0.686911762562435 2.6502112580618253
427 3843 8.328938057150316e-06 2.6626064064563177 2.3477646972818156e-05 2.3477646972818156e-05 3.9306360819794866e-05 0.001047527143730556 0.0022508162687270125 0.309198480537445 0.6904426186076804 2.6626064064563177
428 3852 7.753633334776298e-06 2.620395607418462 2.2814244452827073e-05 2.2814244452827073e-05 3.656802838745182e-05 0.0010664909163852433 0.002287563101539919 0.3053202071926955 0.697098892111525 2.620395607418462
429 3861 6.834670156940556e-06 2.63469485072458 2.0973479122384302e-05 2.0973479122384302e-05 3.614778983291281e-05 0.001076466280311671 0.002235402162051455 0.305428838586458 0.6863740606032577 2.63469485072458
430 3870 5.966652765068974e-06 2.6271242077612538 2.060892692426059e-05 2.060892692426059e-05 3.5658072146764396e-05 0.0010527552394272858 0.0021489625852887397 0.30336793871422235 0.6826610532074977 2.6271242077612538
431 3879 5.4994489846421755e-06 2.750143935730878 1.997664490442928e-05 1.997664490442928e-05 3.356163836653674e-05 0.0010099638453308548 0.0021748903005453808 0.30172884242716935 0.6664264500494487 2.750143935730878
432 3888 5.1323831885090445e-06 2.6295870803056762 2.003174906981081e-05 2.003174906981081e-05 3.2484294105686144e-05 0.0010111438674215829 0.002125080833259373 0.2950463700004482 0.6481783361892813 2.6295870803056762
433 3897 4.823198726882771e-06 2.723429314751031 1.984423702971015e-05 1.984423702971015e-05 3.117410225311225e-05 0.0009359236748293318 0.002071584300346278 0.2941166986372677 0.6515596081978109 2.723429314751031
434 3906 4.486276778361177e-06 2.8287410934343233 1.8661625938802004e-05 1.8661625938802004e-05 3.114298468633276e-05 0.0009427239456722784 0.002041138980185831 0.28299977051615416 0.6388634309154492 2.8287410934343233
435 3915 4.358258367013433e-06 2.8312361449288725 1.863181814194108e-05 1.863181814194108e-05 3.101201466787009e-05 0.0008796090954073054 0.001945149678676603 0.2796261137132351 0.6259098278376841 2.8312361449288725
436 3924 4.364124463663257e-06 2.829483211511981 1.8405736835088862e-05 1.8405736835088862e-05 3.046709847164728e-05 0.0008451385344324958 0.0019466975191947322 0.2749756202729748 0.6271278702614616 2.829483211511981
437 3933 4.201749367463109e-06 2.80615466023219 1.8529488886319934e-05 1.8529488886319934e-05 3.0166163086641755e-05 0.0008637527554166476 0.0018809042839732074 0.26274030754798594 0.6198064000084788 2.80615466023219
438 3942 3.7770506229288305e-06 2.6956556109638115 1.7269309230406364e-05 1.7269309230406364e-05 3.070292325500985e-05 0.0008383131836386394 0.0019518074143121762 0.2608683735381193 0.5992329580390056 2.6956556109638115
439 3951 3.398765758986319e-06 2.7590581306479742 1.7105212148598046e-05 1.7105212148598046e-05 2.811784894255294e-05 0.0008178495196700999 0.0019541794932474627 0.24301775265947373 0.6025439115298507 2.7590581306479742
440 3960 3.0520784382489657e-06 2.7323060853063907 1.7006467582059876e-05 1.7006467582059876e-05 2.7246132535275557e-05 0.0007755966678350575 0.0018967217655983298 0.24117864224990748 0.6109686737289742 2.7323060853063907
441 3969 2.8052206909767503e-06 2.7347631726766553 1.641492942737234e-05 1.641492942737234e-05 2.686413996884482e-05 0.0007689655709807957 0.0017664425879805805 0.2430086941205871 0.5900149199875042 2.7347631726766553
442 3978 2.5805553899866496e-06 2.6670281941265634 1.704033182373497e-05 1.704033182373497e-05 2.7974120607411272e-05 0.0007467249073507777 0.0017367960957909722 0.23169609557713533 0.5781741969961521 2.6670281941265634
443 3987 2.281201230694831e-06 2.6463484235431376 1.5742428378921344e-05 1.5742428378921344e-05 2.8205186206274292e-05 0.0007528286197352141 0.0016067744910342116 0.23002208982137315 0.5845836005502038 2.6463484235431376
