% # columns="iteration, evaluation, sigma, axis ratio, bestever, best, median, worst objective function value, further objective values of best", seed=486407, Mon Dec 13 00:55:41 2021, <python>{}</python>
1 11 0.18391167062950828 1.0000464296492513 86.18181109107627 8.6181811091076270e+01 86.18706259988393 86.20185293571102   
2 22 0.19043565468925422 1.1006648595011115 86.17068025423136 8.6170680254231357e+01 86.18388930487141 86.19592843185055   
3 33 0.2114520591790736 1.2291145876692227 86.14459719608278 8.6144597196082785e+01 86.16713237888621 86.17123320008496   
4 44 0.23654837034254736 1.3286973656521837 86.13101786730988 8.6131017867309879e+01 86.1524520689225 86.17419795424046   
5 55 0.2707768481562987 1.39072413717664 86.10343684481643 8.6103436844816429e+01 86.14365516626161 86.18320360641223   
6 66 0.32631999145883034 1.3910287201459153 86.06974995391387 8.6069749953913870e+01 86.09751331439661 86.12792814535366   
7 77 0.3845868301575428 1.4717777597302644 86.04983741971814 8.6049837419718145e+01 86.08423853406765 86.12906256521113   
8 88 0.45145440560398353 1.4760915163757158 86.01002972595757 8.6010029725957565e+01 86.05970491683121 86.11349783381519   
9 99 0.5167661186085364 1.4620980002237436 85.98388010947745 8.5983880109477454e+01 86.01013159630418 86.08911912021077   
10 110 0.5783579028999997 1.4754183424358405 85.950532772541 8.5950532772540996e+01 86.0201349120649 86.15335475584419   
11 121 0.6665761731049646 1.5003582436918361 85.87986332447163 8.5879863324471629e+01 86.00947271942337 86.07025412043342   
12 132 0.7066430770187848 1.5263502441291867 85.87986332447163 8.5896395946611747e+01 86.00648708286056 86.07331896874621   
13 143 0.7766209539451957 1.4967571913117677 85.87986332447163 8.5893464471535083e+01 85.99897046022295 86.0690969454603   
14 154 0.8145399485452748 1.5328859931850545 85.77820719372369 8.5778207193723688e+01 86.03779725593296 86.12833410113588   
15 165 0.8682911830441282 1.54063233099157 85.75046552550634 8.5750465525506343e+01 86.03714345847379 86.20885087295508   
16 176 0.936446288007443 1.5511378024101585 85.60361548253124 8.5603615482531239e+01 85.95945924644174 86.33074866339379   
17 187 1.0176539352913603 1.629747152077285 85.60361548253124 8.5623404227594250e+01 85.81735514678749 86.3100211490719   
18 198 1.0840551817589068 1.7248492393606178 85.60361548253124 8.5637512340264919e+01 85.81667343750028 85.94144798629648   
19 209 1.1435686926456812 1.7460307876980785 85.44435949976962 8.5444359499769618e+01 85.8625941127043 86.2403658960995   
20 220 1.2326358440949945 1.8490792640760534 85.248197591048 8.5248197591047997e+01 85.66639615414736 86.09886116230119   
21 231 1.3719795875943093 1.983529023563672 84.7524359176798 8.4752435917679804e+01 85.52504437645604 86.05124193307822   
22 242 1.451361204367282 2.2295199765976137 84.7524359176798 8.4811198091431805e+01 85.68904635665305 86.28033103727878   
23 253 1.5863284354624303 2.354563089849541 84.65132930377641 8.4651329303776407e+01 85.23434573772792 86.01693514211713   
24 264 1.7361277524112284 2.4923743678321024 83.79209549417764 8.3792095494177644e+01 84.96854049602136 85.68201452866933   
25 275 2.0011180999923965 2.5878955956394254 83.75978264510341 8.3759782645103414e+01 84.58278696992258 86.15617340560112   
26 286 2.2577682076767567 2.7215806154578304 81.85126635568811 8.1851266355688111e+01 84.4669937490314 86.17466385198294   
27 297 2.503026922801642 2.8036956288178247 80.28771221989446 8.0287712219894459e+01 82.46703478552395 86.65314570459157   
28 308 2.770620072733093 2.890007794094972 77.16307059005591 7.7163070590055909e+01 83.06054076899227 85.56142972789785   
29 319 3.0063138275013253 2.979576975884862 71.70703111123956 7.1707031111239559e+01 82.15017075982746 85.2771284514341   
30 330 3.1685801292888045 3.0250005415739056 71.70703111123956 7.2888257424327094e+01 81.13817310514655 86.43905746442097   
31 341 3.101622997539883 3.0999511185965285 71.70703111123956 7.8185849006604812e+01 84.55648368221894 183.1947211038438   
32 352 2.928460535145187 3.129384225517429 71.70703111123956 7.7616477960549972e+01 84.37564512692171 91.07600310464039   
33 363 2.9061375291783986 3.117869734567309 71.70703111123956 7.4112678534036334e+01 83.53661101465971 95.12156250903078   
34 374 2.862886662308266 3.0546710844273943 71.70703111123956 7.6950479344004620e+01 82.79691243548385 190.4281612611603   
35 385 2.7995118421997147 3.0339058060503743 71.70703111123956 7.6397775359653693e+01 84.40712665555033 155.84529995176422   
36 396 2.903558997033623 3.0603825736493127 67.10553523054561 6.7105535230545613e+01 84.79993892600197 305.39059826651345   
37 407 3.11797962648665 2.9801373905616937 67.10553523054561 7.0073986329060915e+01 89.63361339371198 414.5504412162485   
38 418 3.284397520226119 2.8590371392521403 67.10553523054561 7.3412154510101573e+01 81.45013422981224 106.23586540081389   
39 429 3.2223428561935563 2.8695189571416795 67.10553523054561 7.3512350466542884e+01 84.2521914343409 103.88922399745006   
40 440 3.2571702316662035 2.909239499383432 67.10553523054561 7.7503708734211074e+01 82.97363375243297 101.57290912024635   
41 451 3.228966576603194 2.927472643839067 67.10553523054561 7.0793387174101454e+01 80.59741555165229 94.6213304195289   
42 462 3.1333462712856472 2.945949382349335 67.10553523054561 7.3340533238110638e+01 84.56355766977838 97.81278146769382   
43 473 3.141702596982985 2.9457089303355417 67.10553523054561 6.9579233828150493e+01 81.6687975177792 105.65113712777313   
44 484 3.1305033034711163 2.8620255958533014 67.10553523054561 7.8611007492281331e+01 82.66590949528839 96.00770993029684   
45 495 2.9952666271502015 2.8506741336229764 67.10553523054561 7.6296309841739827e+01 83.06505736875023 284.6369486781151   
46 506 2.994450515702207 2.7929663834503295 67.10553523054561 7.1434001142065583e+01 80.17061546769304 84.32085555177368   
47 517 3.1952695858096245 2.767615315216363 67.10553523054561 7.5889008762984901e+01 81.33131674986507 273.0428172147416   
48 528 3.050600529785627 2.7658938747019235 67.10553523054561 7.4203279653308002e+01 82.17919871429797 95.57917382133589   
49 539 2.9861032846051705 2.750397103562045 67.10553523054561 7.6488457714073078e+01 84.40092934765148 203.30524641155176   
50 550 2.892713435959404 2.634563480591809 67.10553523054561 7.4490972268972826e+01 81.28886758196128 115.64592829899009   
51 561 2.69513549559889 2.5991255802363726 67.10553523054561 7.8490098441159972e+01 84.21641093645997 175.94001972186734   
52 572 2.5556123271579287 2.5363770050918344 67.10553523054561 7.6046690428166713e+01 79.98199979742506 86.9542891831821   
53 583 2.314940322459147 2.5572108173503043 67.10553523054561 7.5313582908287799e+01 80.7022755200902 99.46004378528066   
54 594 2.190394026361479 2.5660502646236054 67.10553523054561 7.0377416225866511e+01 82.08298407125106 94.16588153664382   
55 605 2.0043753753073483 2.565592420143492 67.10553523054561 7.2409843669994601e+01 77.09338048638116 182.14081541257954   
56 616 1.9191269928955672 2.5191924038711844 67.10553523054561 7.1750898893719480e+01 80.73084988704879 100.4824616708861   
57 627 1.8648101062685563 2.5543167379033207 67.10553523054561 7.2963802436880428e+01 81.07095690960176 92.48720973146136   
58 638 1.7511412904662613 2.524347693083161 66.25575433560847 6.6255754335608472e+01 79.16702992041888 94.35198426703455   
59 649 1.6830086021846669 2.5166247420065684 66.25575433560847 6.9959251667463889e+01 77.85427604523616 87.36780504251935   
60 660 1.6652403843882855 2.3942919585849656 66.25575433560847 6.8875423226773052e+01 82.61971865242546 90.61700890932266   
61 671 1.6035401394605864 2.470203380023976 66.25575433560847 7.5167746476401703e+01 81.12637226145341 87.2138869054178   
62 682 1.5566187607681057 2.430904523271757 66.25575433560847 7.0763073932998410e+01 79.25840553978861 93.63498247918623   
63 693 1.512708863068551 2.456621438164686 66.25575433560847 6.9310493984824589e+01 81.24598120633256 92.0215147787425   
64 704 1.5305387342853622 2.445689903107558 66.25575433560847 7.5209047259181432e+01 81.64310978093464 93.32646055039109   
65 715 1.5848682814796722 2.4552260325553923 66.25575433560847 7.4664658484085663e+01 80.89127062155677 90.5275543340177   
66 726 1.5744708930835736 2.5226775052874184 66.25575433560847 7.1603528281720457e+01 77.93900962504338 88.71713320374792   
67 737 1.5011008392711964 2.552209588845447 66.25575433560847 7.3609056123997718e+01 81.59274308149537 88.40782099934253   
68 748 1.5471553647124512 2.5695953875710185 66.25575433560847 6.9295595424625148e+01 79.9452254773141 92.60388590808303   
69 759 1.5645943160334186 2.5327534828512523 66.25575433560847 7.2142075785739209e+01 76.04709032821698 82.11431657880048   
70 770 1.6319469514260216 2.5342091985943287 66.25575433560847 7.2762300643521925e+01 79.12236002303712 87.48432295991131   
71 781 1.701475981721389 2.51579005656706 66.25575433560847 7.1021579974206773e+01 75.67800346936875 84.6853919493633   
72 792 1.7092631700489256 2.569754525142333 66.25575433560847 7.2518174166759010e+01 82.16503263143633 87.61476394468399   
73 803 1.6597511179675328 2.5753938257517714 66.25575433560847 7.2935494427577311e+01 79.17499310683452 84.85963551844956   
74 814 1.598965031034189 2.534860119491727 66.25575433560847 7.1543957977111774e+01 80.08027398054223 87.5828651782832   
75 825 1.5583395379653147 2.559474002394222 66.25575433560847 7.4079185361554380e+01 82.13073388901715 92.89244671838671   
76 836 1.468932973112743 2.57476887568083 66.25575433560847 7.5808270428198355e+01 77.73975243485614 89.13028429767591   
77 847 1.4602659494411203 2.5963957798252544 66.25575433560847 7.5820879555933729e+01 81.60942191813304 83.3309042335976   
78 858 1.3694399527663161 2.575188119461393 66.25575433560847 7.5637129959399417e+01 77.66105300613414 84.74189793925987   
79 869 1.3055435777394844 2.6371838723191714 66.25575433560847 7.5068633110829580e+01 78.24358679872432 81.39255560299713   
80 880 1.3113591950053343 2.5812994072278794 66.25575433560847 7.2977443417265349e+01 79.59843934360516 89.24377782674954   
81 891 1.3632100918926044 2.6147143192470668 66.25575433560847 7.2993536584250961e+01 79.18599932193631 84.40327578692126   
82 902 1.37194535200464 2.6793258715574955 66.25575433560847 7.1880261042944724e+01 80.09363868990295 86.27161456264677   
83 913 1.3520107874422622 2.7281697983857844 66.25575433560847 7.3188130918170529e+01 78.5268807478992 88.82325495936794   
84 924 1.358879276656381 2.8427267924485955 66.25575433560847 7.2559759921745496e+01 77.1319419613886 87.57509531273588   
85 935 1.2920254345789053 2.892321501063914 66.25575433560847 7.2181473546609169e+01 75.4052952685739 83.81668243415272   
86 946 1.2713957408545202 2.9160289451338084 66.25575433560847 7.2970860614106471e+01 77.16353724873154 89.59422533216922   
87 957 1.2854737505355227 2.9698543171515825 66.25575433560847 7.1591614934214107e+01 76.7718777130816 84.76337063537294   
88 968 1.2532777547295486 2.9779176211520535 66.25575433560847 7.2157157732297364e+01 76.79608267759727 81.47439228401765   
89 979 1.2939860705421478 3.013984967755597 66.25575433560847 7.1851584999593342e+01 73.15138956479402 79.6828175371607   
90 990 1.3341020667329144 3.094211426017768 66.25575433560847 7.0860798315730321e+01 78.32675333184362 82.48475862943346   
91 1001 1.3535298832136284 3.286781488474075 66.25575433560847 7.1264123478685249e+01 74.61011101593446 82.43259214259463   
92 1012 1.3001298552511305 3.2850582336259593 66.25575433560847 7.0731604510856400e+01 76.1959164762025 79.885913713248   
93 1023 1.2322706289423937 3.321395319866702 66.25575433560847 7.1316721945376244e+01 76.9015470302703 87.09451668558148   
94 1034 1.1867987962008262 3.3740835840749503 66.25575433560847 6.8916407214820836e+01 73.3379846171104 84.6910954905109   
95 1045 1.1158425014014186 3.3543378164111872 66.25575433560847 6.9850137121599346e+01 74.36120636910348 83.50894238396486   
96 1056 1.0418196644211635 3.4384328600010114 66.25575433560847 6.9907021874483107e+01 72.95538163373323 78.44621621327788   
97 1067 1.0075672082505307 3.453596536182915 66.25575433560847 6.9736993605563143e+01 73.03727141177475 78.89672388685152   
98 1078 0.9727206808088666 3.4666885971693993 66.25575433560847 6.9274718700866686e+01 72.64185663409263 76.31546960561232   
99 1089 0.9306830657592665 3.5796261115994907 66.25575433560847 6.9408072811924299e+01 70.5384470084628 79.76028746840082   
100 1100 0.8649542461846839 3.5503178236134296 66.25575433560847 6.9255727170103128e+01 70.9394756538389 81.9620120571943   
101 1111 0.8193534574261436 3.605737140858926 66.25575433560847 6.8335425263345456e+01 72.52899725815654 75.55275364941892   
102 1122 0.7659089100701169 3.6997276326538966 66.25575433560847 6.9047468324990518e+01 71.32563274222176 75.86832018680234   
103 1133 0.7520576199509466 3.746099911689842 66.25575433560847 6.8618774917594450e+01 72.2004727634895 75.55585239073083   
104 1144 0.769130623030383 3.851824076439344 66.25575433560847 6.8292540367578908e+01 69.62588604013496 74.4988065066888   
105 1155 0.7537249375499105 3.9601241925922035 66.25575433560847 6.9372437041784281e+01 69.93116472382677 75.17980146158648   
106 1166 0.731576829888314 4.003325044900759 66.25575433560847 6.8508543464862939e+01 70.8696240874861 75.83075277781344   
107 1177 0.7191499958395853 4.027759145472005 66.25575433560847 6.8778651761119207e+01 69.68830404775343 73.59249287794069   
108 1188 0.7084894533805637 4.0546620712089725 66.25575433560847 6.8420781714234678e+01 69.96560215626161 73.79933038772066   
109 1199 0.7101856214067828 4.279726652538205 66.25575433560847 6.8689401932424900e+01 69.57576632921322 72.90192300489572   
110 1210 0.6865976383474228 4.273449286699965 66.25575433560847 6.8142533724259067e+01 69.70232018826395 72.10332620616529   
111 1221 0.6640605793829892 4.293937916434832 66.25575433560847 6.8137898362736422e+01 69.74553356252702 75.5587796901981   
112 1232 0.6312733082450938 4.503066868639276 66.25575433560847 6.8560106193298381e+01 69.47976146077632 73.37172007721439   
113 1243 0.6187737037163564 4.598366434985545 66.25575433560847 6.8259269946313765e+01 69.69667566198837 71.46408202772807   
114 1254 0.6301869426301927 4.942293840337312 66.25575433560847 6.7673395448949279e+01 68.68472964466686 72.47521634527352   
115 1265 0.6082732727118427 4.995648835257304 66.25575433560847 6.8063179780914083e+01 69.3362191249074 71.48738722414134   
116 1276 0.5861404530984139 5.087801779588103 66.25575433560847 6.7865289580767907e+01 68.68520251015245 70.840056147261   
117 1287 0.5631281859454881 5.045107708134315 66.25575433560847 6.7643123860197761e+01 68.98992380805018 69.6560832596027   
118 1298 0.5505219834675947 5.068246377828585 66.25575433560847 6.7673319064592320e+01 68.41151592966042 71.45291836685887   
119 1309 0.5661191690239048 5.202582100740653 66.25575433560847 6.7621550468174803e+01 68.31761895988983 69.21786564394878   
120 1320 0.5655278927223653 5.249439295560723 66.25575433560847 6.7503006831000775e+01 68.47971456153637 69.54488008412594   
121 1331 0.5673032613916631 5.452723398814707 66.25575433560847 6.7402378286173771e+01 68.19363772227503 69.91281744255991   
122 1342 0.5698665706286322 5.501711236597631 66.25575433560847 6.7538624562705536e+01 68.2168930230624 69.96614293384287   
123 1353 0.5812579546865945 5.577185351862969 66.25575433560847 6.7071450062854183e+01 68.12049843535345 71.34784533080807   
124 1364 0.573463346396634 5.713202273164461 66.25575433560847 6.7383257499080301e+01 67.91412828637877 69.75019668345159   
125 1375 0.5947707563548309 5.815820359704246 66.25575433560847 6.7020492209520327e+01 67.90442440597006 68.81477056014296   
126 1386 0.6005236242938231 5.94312876129445 66.25575433560847 6.7483078695648700e+01 67.98803206587655 70.37820789855328   
127 1397 0.5791467134867201 5.982592073752499 66.25575433560847 6.7038267184276563e+01 68.28663046986193 70.48794239685346   
128 1408 0.555554218113092 6.0270506587850035 66.25575433560847 6.6985634748487087e+01 67.64411913868715 67.96450361926101   
129 1419 0.5742466064689947 6.058042878206378 66.25575433560847 6.6421453401297370e+01 67.68829458307485 68.60076598016943   
130 1430 0.6095795439729023 6.235391159312214 66.25575433560847 6.6311170194848117e+01 67.67141750920567 68.27568011204004   
131 1441 0.6338132552611908 6.417043928797675 66.25575433560847 6.6440794463718376e+01 67.28104557530975 69.27260754590054   
132 1452 0.6441463260757131 6.626286204403651 66.25575433560847 6.6564409215815616e+01 68.55280139103795 70.57749623221265   
133 1463 0.6433344986263347 6.766700486057892 66.12185333145025 6.6121853331450254e+01 67.45574145447367 69.15605346028839   
134 1474 0.6559879750122568 6.750439081214036 66.12185333145025 6.6187629159596810e+01 67.57359261151908 69.16054510325905   
135 1485 0.6796234007669183 6.904736316451532 66.12185333145025 6.6718838682534113e+01 67.0256031411514 68.16327774584293   
136 1496 0.6828060920380438 6.998553945155147 66.12185333145025 6.6366874174584282e+01 66.94059062262829 70.12490983960727   
137 1507 0.6971669944445514 7.387886099814025 66.12185333145025 6.6192407635808280e+01 67.08157415232922 68.05614564163218   
138 1518 0.6590328896179672 7.749688823656698 65.97826875026571 6.5978268750265713e+01 66.87023798552124 68.05426770783156   
139 1529 0.6479201728552292 7.887758618997029 65.66493195864933 6.5664931958649333e+01 66.7446355057024 67.58473733497986   
140 1540 0.6836598615568574 8.065079284168577 65.66493195864933 6.5683067017887851e+01 66.59212186930554 67.57981920386194   
141 1551 0.6816981783145715 8.048254059300152 65.66493195864933 6.5967778537259704e+01 66.89813670369251 69.0687577699416   
142 1562 0.6862439942733807 8.022818196356539 65.66493195864933 6.5844476094766733e+01 66.75303504653303 70.15045914881782   
143 1573 0.7036695055932609 8.280029026133157 65.66493195864933 6.5821811271327562e+01 66.36099562234729 69.43311253693527   
144 1584 0.6671427901199654 8.283566867191931 65.53384828155734 6.5533848281557340e+01 66.4157031909478 69.15197980103952   
145 1595 0.630208606784376 8.3779069305228 65.53384828155734 6.5799647993893601e+01 66.37475733194992 68.83501458531173   
146 1606 0.6004701609389985 8.547634505423659 65.53384828155734 6.5594723169763498e+01 66.12554461839203 67.5503087198917   
147 1617 0.5764881009188966 8.470837192123508 65.53384828155734 6.5565857809099384e+01 66.2110681129382 66.6378024935633   
148 1628 0.5864737630208295 8.54630721181199 65.43208376426118 6.5432083764261179e+01 65.66567959617807 66.90154256304254   
149 1639 0.5990656186180348 8.660124384774237 65.36964326853999 6.5369643268539988e+01 66.04974070669942 67.8183357509201   
150 1650 0.5859838247550591 8.721705284051719 65.24096899154216 6.5240968991542161e+01 65.87856526104244 66.75930755306126   
151 1661 0.5689869760793524 8.710117590810542 65.24096899154216 6.5303764155374836e+01 65.74913918320904 67.44025514429228   
152 1672 0.5620921813374149 8.707041001339476 65.12229136489636 6.5122291364896356e+01 65.90780880344239 66.525885422922   
153 1683 0.5665691638589755 8.687470681379654 65.12229136489636 6.5194743864141188e+01 65.96484546990717 67.08301599667772   
154 1694 0.5512450359498327 9.001702921109056 64.44944384159376 6.4449443841593762e+01 65.93749093311247 67.4676807253886   
155 1705 0.5537217250108324 9.076064874091943 64.44944384159376 6.4506646564201432e+01 65.90124155330315 67.08974402157484   
156 1716 0.5435341439786793 9.292012964942314 64.44944384159376 6.4622639522223537e+01 65.38085004611047 67.06011398992874   
157 1727 0.5468253103238288 9.36558962875075 64.4233401335171 6.4423340133517101e+01 65.17869551282618 67.55714415827515   
158 1738 0.5736706548641449 9.561514350643343 64.4233401335171 6.4438602335859755e+01 65.42396986169088 69.90483064633098   
159 1749 0.5923789740845334 9.755013412370863 64.2151743416358 6.4215174341635802e+01 64.9285427833667 66.03682913833285   
160 1760 0.5841475086387823 10.411768072218274 64.01218630661562 6.4012186306615618e+01 65.92686354392099 68.10480788778406   
161 1771 0.563899558509282 10.678636995969205 63.96406133381344 6.3964061333813440e+01 64.66378484310646 67.96208042212795   
162 1782 0.5480651771931496 10.938760870709444 63.612034907032445 6.3612034907032445e+01 64.62071081646047 66.59827047283544   
163 1793 0.5572766926940497 11.553661722444938 63.612034907032445 6.3620080528532561e+01 64.42440943061413 65.79696329913263   
164 1804 0.5748759457459962 12.218436621628555 63.612034907032445 6.3784315443891231e+01 64.30340101384982 65.53207906521263   
165 1815 0.5856624172617727 12.832817521706188 63.612034907032445 6.3732289811721706e+01 64.25534446180102 65.94957696381401   
166 1826 0.5759392121594973 13.094275881609546 63.612034907032445 6.3767848633194902e+01 64.6949071273018 65.43249579350811   
167 1837 0.5955310991571844 13.826911926814748 63.43989699106486 6.3439896991064863e+01 64.16857266348308 65.81988329817126   
168 1848 0.6063923448132519 14.20109415827271 63.43989699106486 6.3764004625034254e+01 64.2621139972219 65.70106997312288   
169 1859 0.6225309347344921 14.4949788772228 63.048619440569354 6.3048619440569354e+01 64.56425705474035 65.43627414955219   
170 1870 0.6223087386937635 14.543230379979889 63.048619440569354 6.3612665985697632e+01 64.22703288893335 66.49091286773083   
171 1881 0.6145705948422758 14.277907070401099 63.048619440569354 6.3437367255179339e+01 64.43702129917077 65.8989329338289   
172 1892 0.6098460785180062 14.427093504167528 63.048619440569354 6.3304416162474645e+01 64.30159217081925 65.40441850421496   
173 1903 0.6130487558326022 14.52720372522106 63.048619440569354 6.3679204199938326e+01 64.54111158496325 67.50152486224002   
174 1914 0.6405438170831262 14.960476643405542 63.048619440569354 6.3246191337562387e+01 64.31344287545089 65.37334482611571   
175 1925 0.6967642825459931 15.233739662535232 62.94446309932725 6.2944463099327251e+01 64.34698665860685 66.47538665801599   
176 1936 0.7168153848027193 14.884885044281626 62.94446309932725 6.3041996784254351e+01 64.45665928597735 67.29825272686458   
177 1947 0.7098288683829997 15.220503634230292 62.90038428678021 6.2900384286780209e+01 64.24872979965127 67.94367704032514   
178 1958 0.7401101658816394 15.440511958391554 62.90038428678021 6.3367551329139786e+01 65.15008296860435 66.43573454296396   
179 1969 0.7415754021682663 15.880974100496351 62.90038428678021 6.3473885318384468e+01 64.41428401239293 66.26009692030496   
180 1980 0.7199771183936513 16.12750470665199 62.90038428678021 6.3342433212665085e+01 64.6161508694332 65.6511615990523   
181 1991 0.6899257698593513 16.470630290946367 62.90038428678021 6.2943567689331701e+01 64.0769541120883 67.33755834171329   
182 2002 0.6659943572797875 16.63798888278659 62.90038428678021 6.3322916285118190e+01 64.25382092179858 69.37053738401758   
183 2013 0.6770072052601956 16.854552341208358 62.90038428678021 6.2934006007161678e+01 64.25600779528142 65.1114487692395   
184 2024 0.6755300926312763 16.589006515136255 62.90038428678021 6.3053878482488741e+01 64.59561962916717 67.46337933238597   
185 2035 0.636718404284502 16.55732213098902 62.90038428678021 6.3466656033086963e+01 65.53860142735729 66.40666616191193   
186 2046 0.6139845831189287 17.010659851470155 62.90038428678021 6.2998043664207536e+01 64.19492078544751 67.07656508049119   
187 2057 0.5701841887360987 16.6478092240249 62.90038428678021 6.3174319921212195e+01 64.37594622065473 65.98873138985708   
188 2068 0.5422321917171018 16.562155198917544 62.392623153961104 6.2392623153961104e+01 63.606693133106305 65.18438585636133   
189 2079 0.5199120770497313 16.752902275922427 62.392623153961104 6.2571802250976923e+01 63.516712906448454 65.25276360625222   
190 2090 0.5132296385156131 17.146917040746157 62.392623153961104 6.2609859929309913e+01 63.4926054016576 64.5198209279954   
191 2101 0.5129049490270349 17.156163504450024 62.392623153961104 6.2535791529098617e+01 63.09001995740688 64.36323922177611   
192 2112 0.48131907250499084 17.68572042204783 62.392623153961104 6.2764988524523964e+01 63.40740282104166 64.2105085569708   
193 2123 0.447183141278286 17.59742314941615 62.392623153961104 6.2925628251852089e+01 63.3082757702775 65.03621302295184   
194 2134 0.45177745921746415 17.67027963181643 62.392623153961104 6.3020908101486327e+01 63.47090724625525 63.98273099654661   
195 2145 0.4368178690355808 18.02161656405787 62.392623153961104 6.2870809844553058e+01 63.67919689837225 64.29986534504829   
196 2156 0.4255312209698573 17.953741784572863 62.392623153961104 6.2913898599809094e+01 63.65244016249966 65.34506192471446   
197 2167 0.42886810255359287 18.309432242996508 62.392623153961104 6.2716693423004614e+01 63.04207951569282 63.61770314356078   
198 2178 0.4494015154829871 18.399013575728272 62.392623153961104 6.2502466584838338e+01 62.886329847441324 64.57041191394818   
199 2189 0.4579346241039632 18.51291301305748 62.36559755203084 6.2365597552030842e+01 62.775185063318965 64.05241642682799   
200 2200 0.4686757692663434 18.898263320569683 62.36559755203084 6.2415070029634144e+01 63.07153633357806 64.86358084413887   
201 2211 0.4744092024651047 18.894324798819305 62.325929848794416 6.2325929848794416e+01 63.03757981165493 63.877785907980275   
202 2222 0.4741654843534499 19.407260089719397 62.21103675295992 6.2211036752959920e+01 62.9898889001254 64.00325601914776   
203 2233 0.44445942809487804 19.952801518380387 62.1830963503919 6.2183096350391899e+01 62.477426071443865 63.38832516704207   
204 2244 0.4052716659599839 20.2197963810574 62.1830963503919 6.2194726173871096e+01 62.56273625604635 63.00439692806229   
205 2255 0.3840696910508374 20.460202233110927 62.14245001003806 6.2142450010038061e+01 62.5133815557277 63.99215377566656   
206 2266 0.3600398911903802 20.763425584720444 61.907333268126656 6.1907333268126656e+01 62.21907563640888 63.301826769088834   
207 2277 0.33933055762879744 21.089188035605307 61.89311940721038 6.1893119407210378e+01 62.096402503735646 62.73965494529837   
208 2288 0.34478889685119923 21.49049707923355 61.831375472254045 6.1831375472254045e+01 62.3300407856057 63.39920445519346   
209 2299 0.33515885306549814 21.983476698812474 61.63222804738742 6.1632228047387422e+01 62.40250246136152 63.52139948097519   
210 2310 0.3540210474809713 22.735108338588315 61.58485538966022 6.1584855389660220e+01 61.930670698746624 63.02363221580888   
211 2321 0.3727632738353956 24.10401212864193 61.38862431143728 6.1388624311437283e+01 62.17044313576656 63.035953385854576   
212 2332 0.394847001313997 25.484808471006012 61.38862431143728 6.1624020578092704e+01 62.07648514673048 65.99665366221757   
213 2343 0.4039883927539672 25.621764287424554 61.38862431143728 6.1401858241560774e+01 61.998894038553864 62.630818029197904   
214 2354 0.40230778134651596 25.499403919929733 61.38862431143728 6.1491124698479759e+01 61.844314722793854 62.43006576255018   
215 2365 0.39220982086046263 25.720497655887666 61.23207278375423 6.1232072783754226e+01 61.80741166497341 62.15937234968504   
216 2376 0.37377345368751846 26.30238014723653 61.23207278375423 6.1327252328242523e+01 61.91439220009227 70.32103542808353   
217 2387 0.3605373541795154 26.773599547111793 60.75762620008572 6.0757626200085717e+01 61.858328503620044 62.81941292083829   
218 2398 0.381877021998983 27.481995870528333 60.62653857381689 6.0626538573816887e+01 61.02998434876527 62.64122315786918   
219 2409 0.3961688617246736 28.82045039850818 60.37393961044467 6.0373939610444673e+01 61.105648334025716 61.91517541161188   
220 2420 0.4300566400906871 30.196470053567754 59.714508122394655 5.9714508122394655e+01 60.66249917079953 61.7190727468869   
221 2431 0.45169659793461864 33.736916413917925 59.330048590919056 5.9330048590919056e+01 60.50688574700369 64.2831958724173   
222 2442 0.4951574769216831 35.36865968572628 58.39021095797784 5.8390210957977843e+01 60.27608857370036 63.69722472174582   
223 2453 0.5749645460217088 38.56677044237658 57.266175061886045 5.7266175061886045e+01 59.18169037542034 61.70731086598464   
224 2464 0.6631328851891956 40.47298632032829 55.48367254845159 5.5483672548451587e+01 59.1580819775122 64.73126915874613   
225 2475 0.7258185188467379 40.256062552237886 55.48367254845159 5.7230379827865455e+01 60.099996908708825 108.08696637602321   
226 2486 0.7638336406745886 40.96043075647638 55.48367254845159 5.5496941361750913e+01 58.4033499174603 60.75448391793937   
227 2497 0.7990251806349601 41.0966233175148 53.84318499006875 5.3843184990068750e+01 63.14161742244663 71.33426002472002   
228 2508 0.8580761385496436 41.186007963943005 53.51248975841134 5.3512489758411341e+01 57.95901829941317 75.14031320876927   
229 2519 0.8779765337710908 41.430910058830875 53.51248975841134 5.4099502667984410e+01 56.84552617223835 162.36593875247314   
230 2530 0.8490387859230876 41.763221982756555 53.39005183855592 5.3390051838555920e+01 56.61313167324007 169.27509780747613   
231 2541 0.8343622386965038 41.697318136147906 51.241262955404025 5.1241262955404025e+01 58.25393728368749 88.00937475682284   
232 2552 0.8394306899283782 42.35570617893675 48.02747311084144 4.8027473110841441e+01 54.00954174646068 400.2692841126813   
233 2563 0.8280635049014551 42.622278922974054 45.21061211432958 4.5210612114329578e+01 56.240079530005495 125.0221912860087   
234 2574 0.8358888097510896 43.34663060611819 45.21061211432958 4.6337345462701599e+01 56.935907768528786 86.1436405395092   
235 2585 0.799113229988988 44.44238573464856 45.21061211432958 4.8460734096901909e+01 52.878859877204164 1488.887799673617   
236 2596 0.7631350560875547 44.787007956600014 45.21061211432958 4.6153455899527223e+01 72.88878079915104 343.319100838232   
237 2607 0.730324215199528 45.45349891112895 45.21061211432958 4.7920974695819190e+01 56.32181476622906 216.03462578204824   
238 2618 0.7282494642436127 46.061901041553426 45.21061211432958 4.7202219703931036e+01 53.42071022129832 92.10784506219856   
239 2629 0.7357055202188862 45.80055204038879 45.21061211432958 4.8167717820079666e+01 50.2449615317096 175.6959913346286   
240 2640 0.7306287508345428 45.282447560776106 41.381225099091 4.1381225099090997e+01 53.629765618064255 65.34656459150285   
241 2651 0.7111711012381651 44.544750811840146 41.381225099091 4.4971169611526918e+01 57.497428718336025 122.22111766448133   
242 2662 0.7234520677517579 43.70994283619042 41.381225099091 4.4090384621869781e+01 53.99970286213586 78.92872723033156   
243 2673 0.7325805656433894 44.27803456735236 41.381225099091 4.5550551995588407e+01 50.253612479666835 105.27503993142584   
244 2684 0.710450052160073 45.05642463766294 37.35681950430107 3.7356819504301072e+01 49.20970383492858 155.67418218616268   
245 2695 0.7159450894878404 44.553343655643594 37.35681950430107 4.3430669490167759e+01 52.21888534151182 173.61237918725575   
246 2706 0.6826116468494267 44.317090308526055 37.35681950430107 4.3995550277710699e+01 57.84811635401063 101.40121411876066   
247 2717 0.6905011629568681 44.95335643210627 37.35681950430107 4.2244430099940203e+01 52.30996731555105 66.98351762232822   
248 2728 0.6321243936538163 44.42503852376445 37.35681950430107 4.4432429731684017e+01 49.647406711563605 83.92608921197525   
249 2739 0.5901290494762522 44.36228170217614 37.35681950430107 4.1910675462453838e+01 49.353277230087514 73.82062179431611   
250 2750 0.5620233438139497 43.912105290848835 37.35681950430107 4.0607062200684759e+01 45.62356072280527 63.269373817949365   
251 2761 0.5547645064246262 44.10044033098152 35.27114019418513 3.5271140194185129e+01 44.16726406325869 61.16131005194589   
252 2772 0.5335452975529654 44.384984778643556 35.27114019418513 3.6360630340911527e+01 47.10523018151784 65.10365524122344   
253 2783 0.5094085716089463 44.31299257819552 35.27114019418513 3.7382714058535896e+01 42.21224343299158 70.27839729632468   
254 2794 0.48730237186069286 45.39196168843769 35.27114019418513 3.8711574979365281e+01 41.712140684343574 51.41509558900614   
255 2805 0.45837251197381895 44.60166941472389 35.27114019418513 3.5757313802269316e+01 40.63586573277197 48.90345465479099   
256 2816 0.4133826805246023 45.10532772463838 35.27114019418513 3.6878222569797700e+01 44.03371414191393 54.98729501131977   
257 2827 0.38297740739701447 44.621686138931885 35.27114019418513 3.7756186452464043e+01 39.223242235557656 63.27987043888364   
258 2838 0.36794970096844676 45.422393845359856 35.27114019418513 3.5546800608386583e+01 39.239625755617794 44.745827181903245   
259 2849 0.36751868969144913 45.14165185920724 33.89581890658187 3.3895818906581873e+01 37.52209341283799 47.663216485691   
260 2860 0.351075061405269 44.239992264621534 33.89581890658187 3.4579963928884524e+01 38.133458082387364 42.319896074697816   
261 2871 0.3444558949106361 44.70820285217656 33.138237173235304 3.3138237173235304e+01 36.49375957898028 57.12845790149183   
262 2882 0.32835117264469454 44.71670571639662 33.076966731057595 3.3076966731057595e+01 35.0536928434154 38.68551684792883   
263 2893 0.334228315934841 45.14995712924858 33.076966731057595 3.3187363651041387e+01 35.074341692490144 37.54795600212006   
264 2904 0.31907684449833645 44.3367673004658 33.076966731057595 3.4016138605555895e+01 35.45920461753192 41.75608323836879   
265 2915 0.3106849085986176 44.10694565866031 33.05523083661937 3.3055230836619373e+01 37.46353557759687 50.7683085872492   
266 2926 0.31157515860621177 44.024482762344846 32.936952528893805 3.2936952528893805e+01 34.54533742304564 42.71639138530753   
267 2937 0.30778178568977965 43.47656060271558 32.936952528893805 3.3234200706906250e+01 34.60453022613997 43.30101363363964   
268 2948 0.3048089314401964 42.90253962193187 32.936952528893805 3.3019136739230731e+01 34.448940079885965 37.073650638778865   
269 2959 0.3000547012010897 42.207418432119276 32.185162502092446 3.2185162502092446e+01 34.883286805466 38.48794456827891   
270 2970 0.29050368985493885 41.71703810480094 32.185162502092446 3.2735270260173856e+01 33.79139670077006 41.28865897041646   
271 2981 0.2924996822476038 42.72099449428444 32.185162502092446 3.3360733264045237e+01 34.95509043363441 37.60005530535293   
272 2992 0.29096536452882377 43.46660141278409 32.185162502092446 3.2437841748265178e+01 34.71385285521002 45.289837720258795   
273 3003 0.2910021307259032 41.69554262202902 32.185162502092446 3.2301849214150508e+01 35.68505115875637 40.42473677415268   
274 3014 0.2921484054898092 40.674267386684605 32.185162502092446 3.2845373135658633e+01 35.22718212072729 39.429242800493554   
275 3025 0.27099930466546446 39.364540893299804 32.185162502092446 3.2364624520033097e+01 34.689624743703945 38.38020447034616   
276 3036 0.2540213761888525 39.34733795195245 32.185162502092446 3.2556180619656395e+01 34.420078786853935 36.09879633608046   
277 3047 0.24489274880703887 38.473163893401555 32.151311917332656 3.2151311917332656e+01 33.57362868079772 37.25939845341608   
278 3058 0.2224923783626963 38.27412262922403 32.151311917332656 3.2319644375894100e+01 33.03003203158429 35.701077242200235   
279 3069 0.20405666972082914 37.842848662312356 32.151311917332656 3.2348617573345905e+01 33.23539311690571 40.377860590681756   
280 3080 0.20269427592778502 37.55102296404453 32.151311917332656 3.2242904412227141e+01 32.86644675252491 33.72844986529032   
281 3091 0.19778214979630906 37.2909936125183 32.151311917332656 3.2223589028368650e+01 33.187688051969914 34.2663595443072   
282 3102 0.1950893790781462 37.14587320320437 32.151311917332656 3.2386364517927646e+01 32.75006911983614 34.26140468597587   
283 3113 0.1942684521237116 38.26275569720684 32.151311917332656 3.2165801134577315e+01 32.75264768957097 34.37352860096336   
284 3124 0.19326409570798875 37.63428615272296 32.05900140107404 3.2059001401074042e+01 32.62717571634051 33.457667735513844   
285 3135 0.1867199139779164 37.90884023740644 32.05900140107404 3.2267789425732929e+01 32.626176844840685 32.894454481234185   
286 3146 0.17137451120158062 38.20359937885033 31.975414522303574 3.1975414522303574e+01 32.4488665929684 33.61971717629479   
287 3157 0.1592656705536138 37.783930369418464 31.975414522303574 3.1995255384551960e+01 32.356293136237866 33.02076044544835   
288 3168 0.15382126433849871 37.177348580880974 31.975414522303574 3.2190730829479719e+01 32.50181747384911 32.6430303288479   
289 3179 0.15266815960048116 36.317774500372366 31.975414522303574 3.2030316070223293e+01 32.35550309181214 33.12905702374067   
290 3190 0.15408798972638987 36.58985259413546 31.975414522303574 3.2155967393622575e+01 32.34792448453842 33.113575462987725   
291 3201 0.1476792952724595 36.06174497108699 31.95072228008177 3.1950722280081770e+01 32.32209927765492 33.60851837920459   
292 3212 0.13524932795464803 35.339245925336314 31.95072228008177 3.1964675912136816e+01 32.176037513124506 32.56915522776969   
293 3223 0.12334287490511349 36.05624755828044 31.95072228008177 3.2024725788069873e+01 32.319811268638716 32.54245824887156   
294 3234 0.1186951570321768 36.519744322688084 31.95072228008177 3.2053153065935454e+01 32.20890397200096 32.930606260946234   
295 3245 0.11064634152673959 36.892201037092256 31.95072228008177 3.1990200228583650e+01 32.23254760731336 33.129149099175685   
296 3256 0.10244080035527732 37.75568608398834 31.95072228008177 3.1972272145507073e+01 32.077940999571645 32.17829511241512   
297 3267 0.09741500806565898 38.078036614899894 31.95072228008177 3.1985659784014722e+01 32.055297103807554 32.160243174050315   
298 3278 0.09329543694831974 37.90873869607406 31.95072228008177 3.1995177538394906e+01 32.04572528813039 32.24808789077012   
299 3289 0.08589665708420022 38.207800855745425 31.95072228008177 3.1958849141564958e+01 32.035335822687145 32.234033079189466   
300 3300 0.07675443398319795 36.98394291534552 31.94736381130862 3.1947363811308620e+01 32.057718458051156 32.43253405273023   
301 3311 0.07341021259959782 37.13954358532869 31.94736381130862 3.1957222893277738e+01 32.00051082413611 32.11545342198773   
302 3322 0.07139894967083307 36.83169198116386 31.946684997765296 3.1946684997765296e+01 31.993744738293113 32.31886259283302   
303 3333 0.07318573435304446 36.90390985678413 31.926560993319352 3.1926560993319352e+01 31.99926654177184 32.20522890440801   
304 3344 0.07102947391312882 37.5988025385194 31.926560993319352 3.1932363838451412e+01 31.97610884495869 32.103249793533564   
305 3355 0.06819533135070507 36.74778662594109 31.91519060438947 3.1915190604389469e+01 31.961649560675266 32.017686135737776   
306 3366 0.06479563561685216 36.935198617657406 31.91519060438947 3.1943583010256049e+01 31.973023071446477 32.02580526018837   
307 3377 0.06262480710397843 37.08060567329384 31.91519060438947 3.1925841503177839e+01 31.962749182181582 31.998595562477952   
308 3388 0.06132532616887136 37.05856719738054 31.91519060438947 3.1921865010125849e+01 31.947109676104184 31.982895809901507   
309 3399 0.060088636656292195 36.41457125853285 31.91519060438947 3.1932714366796784e+01 31.948689500167557 32.04467760704186   
310 3410 0.05704756960996166 36.989842443659306 31.90865768715211 3.1908657687152111e+01 31.937273369492754 32.028622613036916   
311 3421 0.05688186305702643 36.131202622313225 31.90865768715211 3.1921698367238164e+01 31.945172403663573 31.999360300702705   
312 3432 0.055490998677907556 37.02595837566917 31.90865768715211 3.1923902509548569e+01 31.93598394615613 31.986924445379675   
313 3443 0.051210202148399234 37.517609835515785 31.90865768715211 3.1920714116728753e+01 31.929552489371158 31.94778075777084   
314 3454 0.04849700687697066 37.62036776201762 31.90865768715211 3.1921105551277762e+01 31.944762581099518 32.052477598178264   
315 3465 0.04394673834287223 37.759913514146945 31.90865768715211 3.1914805345897960e+01 31.926102915071375 31.95587109838499   
316 3476 0.042372324238976765 38.41976716413876 31.90865768715211 3.1919866311915914e+01 31.937343473019908 31.958760253232285   
317 3487 0.04237704465734201 38.009649479799 31.90865768715211 3.1916616509947854e+01 31.92740138364472 31.968418608069797   
318 3498 0.0416555803260278 37.65683949159567 31.90865768715211 3.1916835056110184e+01 31.93675886325659 31.957784180203163   
319 3509 0.0391796013920812 37.27064391329584 31.90865768715211 3.1923590442804329e+01 31.92976686773164 31.991346249119847   
320 3520 0.03857531745129024 36.944356966123344 31.90865768715211 3.1909424352340782e+01 31.91766035998283 31.934598047721064   
321 3531 0.03900345980494896 37.98988829186579 31.90865768715211 3.1910547342166776e+01 31.92440558588201 31.943421505815557   
322 3542 0.03754925174712058 39.88873547861737 31.90865768715211 3.1911791158520280e+01 31.92306132021147 31.93144074228905   
323 3553 0.037232112849559344 39.817241584357575 31.905102852202038 3.1905102852202038e+01 31.918002988767377 31.932708572876653   
324 3564 0.03669587273708903 39.83816171972932 31.904926978605733 3.1904926978605733e+01 31.91148255110105 31.940736722482285   
325 3575 0.03613125294444781 40.08300459306108 31.904157666654385 3.1904157666654385e+01 31.914944054998816 31.926939827726656   
326 3586 0.03212958210250101 40.053879880819416 31.904157666654385 3.1905001472093794e+01 31.912446129900257 31.921604019833605   
327 3597 0.029935845082590888 40.39990264808323 31.904157666654385 3.1906082529859308e+01 31.910248965072544 31.9359168650331   
328 3608 0.02673357599951321 41.30978378814243 31.904157666654385 3.1904604920558889e+01 31.91061064198549 31.930157948804364   
329 3619 0.026602752168726755 41.504699505209246 31.904157666654385 3.1906234858179335e+01 31.908655659325028 31.916201983659448   
330 3630 0.027395222693128274 41.021578005042805 31.904157666654385 3.1905236709562221e+01 31.909033508136215 31.91918818842523   
331 3641 0.02765686205870911 42.098370378608585 31.9039928922496 3.1903992892249601e+01 31.90847920303427 31.92006804485234   
332 3652 0.02697016129646537 42.30206934225071 31.9039928922496 3.1905073508931562e+01 31.909682724949807 31.914586765167527   
333 3663 0.025977924330618875 42.11765311067818 31.90376219515553 3.1903762195155529e+01 31.910778912261964 31.913618601142815   
334 3674 0.024967974250472577 41.05398866954496 31.90376219515553 3.1904362793176798e+01 31.90677843915187 31.912953842850058   
335 3685 0.023342520528224567 40.499804980649365 31.90376219515553 3.1905546612440997e+01 31.90820685653308 31.916694882441455   
336 3696 0.020909069050810077 40.307627835205984 31.903609754619353 3.1903609754619353e+01 31.90567392360325 31.91832597847934   
337 3707 0.019900617339383624 41.07931735091691 31.902866090322618 3.1902866090322618e+01 31.904667468489592 31.908904062070544   
338 3718 0.019452696968807588 42.07336073963179 31.902866090322618 3.1903228958870969e+01 31.905817531590074 31.906452696644287   
339 3729 0.01910110125903406 41.779843723717704 31.902866090322618 3.1903146399003891e+01 31.904774372999288 31.9075828990667   
340 3740 0.01783113688009376 41.997095655634034 31.902866090322618 3.1903551505231974e+01 31.905112991646302 31.910191624646018   
341 3751 0.016453513607141868 42.04401362050586 31.902866090322618 3.1903160575039799e+01 31.904957423856303 31.907331275293398   
342 3762 0.015526632798800507 43.85492593367895 31.902866090322618 3.1903499452801547e+01 31.904167295103026 31.90789495200794   
343 3773 0.014331161602326543 43.93430836031315 31.902866090322618 3.1903069348690192e+01 31.903883143125533 31.906070748292656   
344 3784 0.013423633206917153 43.89460896718078 31.902866090322618 3.1903375341787385e+01 31.904120592835955 31.906051633392725   
345 3795 0.012548213315928295 44.223037394002034 31.902866090322618 3.1902895587238671e+01 31.903832593872227 31.90459607032516   
346 3806 0.011892518103606756 45.23383171266367 31.90279709133352 3.1902797091333522e+01 31.90335962346882 31.90372527927036   
347 3817 0.010852046223757593 45.06853419641631 31.90279709133352 3.1902822431025442e+01 31.90355423230473 31.90466374665938   
348 3828 0.009987557739134758 46.58221044764883 31.90279709133352 3.1902819055235067e+01 31.903040596482278 31.903433524145193   
349 3839 0.009071157491531406 47.42244095186932 31.902706257617112 3.1902706257617112e+01 31.902935028255396 31.904068042427344   
350 3850 0.008447538125704736 47.52862426840727 31.902643460379146 3.1902643460379146e+01 31.903013961033203 31.903433601543902   
351 3861 0.008030824351551174 47.67200680930705 31.90260278817659 3.1902602788176591e+01 31.902700499678946 31.903247898383828   
352 3872 0.008143752108765053 47.75522604797666 31.90250233573652 3.1902502335736521e+01 31.90292086035973 31.90301905638161   
353 3883 0.007735826906881749 48.23488207374509 31.90250233573652 3.1902606848616646e+01 31.902891877871063 31.903493220636594   
354 3894 0.007868287408915462 49.307907347039354 31.90250233573652 3.1902586630090241e+01 31.90277322462865 31.903192153549618   
355 3905 0.007674803321138211 50.94262138084178 31.90250233573652 3.1902580214733245e+01 31.902826995111862 31.903358015849772   
356 3916 0.007424371512774966 52.467799659220645 31.90250233573652 3.1902616299073934e+01 31.902785189173247 31.903146349321897   
357 3927 0.006720374001157723 53.49886484406041 31.90250233573652 3.1902603922072437e+01 31.902867392676473 31.903172122558363   
358 3938 0.0062300234160545765 54.519426641890014 31.90250233573652 3.1902621289312879e+01 31.9027282983194 31.903001192314576   
359 3949 0.005932637285321355 54.90203128834309 31.90250233573652 3.1902530499787719e+01 31.902731236596566 31.90284669883488   
360 3960 0.005984489964037067 56.04106141963242 31.90250233573652 3.1902526656215429e+01 31.90259641410775 31.902829055367096   
361 3971 0.006063240992876792 56.51348954440832 31.90250233573652 3.1902503810561985e+01 31.902586817357705 31.902858480885907   
362 3982 0.005631514436688337 56.470713404528574 31.902469822241372 3.1902469822241372e+01 31.90258234955688 31.902728496599746   
363 3993 0.005660759510686734 56.9849551866764 31.90246205733501 3.1902462057335011e+01 31.90262896444389 31.90269120628364   
364 4004 0.005484145755382236 55.61609935113236 31.90246205733501 3.1902496472555754e+01 31.902575203219 31.90265714592284   
365 4015 0.005370728314467928 55.437393091982536 31.90246205733501 3.1902526828275537e+01 31.902623367127944 31.902856841939386   
366 4026 0.005062460510459787 55.27665567817033 31.90246205733501 3.1902491615770263e+01 31.902584895320416 31.90271130882297   
367 4037 0.004843270824713305 55.32804668244903 31.90246205733501 3.1902529146306229e+01 31.90257979730483 31.902744243266355   
368 4048 0.00456956939001006 56.66814625372187 31.90246205733501 3.1902472705047678e+01 31.90253596095742 31.902664625133287   
369 4059 0.004097315786111828 56.66736779564926 31.90246205733501 3.1902468469843512e+01 31.90255021576749 31.90267370616144   
370 4070 0.003850027969314336 58.108726272907404 31.90246205733501 3.1902465333443796e+01 31.902516923920892 31.90255119109515   
371 4081 0.0035846510125703405 58.712468668781035 31.90246205733501 3.1902484622065369e+01 31.902518453345 31.902638933127772   
372 4092 0.003449742292651647 59.13415269811581 31.90246205733501 3.1902486409354175e+01 31.902517816449787 31.902630907885758   
373 4103 0.0034139197556386095 61.0257512132172 31.90246205733501 3.1902477605486336e+01 31.902500546349387 31.902521770203418   
374 4114 0.003356621714078869 60.899800567608395 31.90246205733501 3.1902466971747131e+01 31.902487767452342 31.90251775283001   
375 4125 0.003085763926976328 61.25955222669371 31.90245946419801 3.1902459464198010e+01 31.902487872608603 31.902545994436835   
376 4136 0.002849005423500536 61.177214006417536 31.902451136670386 3.1902451136670386e+01 31.90247875669306 31.9025240478698   
377 4147 0.0027219990703754716 61.79506933583585 31.902449061586136 3.1902449061586136e+01 31.902463233949526 31.902497089708596   
378 4158 0.002622843465906687 62.07739307872147 31.902445495084496 3.1902445495084496e+01 31.902468578933373 31.90251559084753   
379 4169 0.0026177825356462083 65.13958379949034 31.902445495084496 3.1902454227772996e+01 31.90246404045077 31.902509749118053   
380 4180 0.0025515291817017434 66.13007947696448 31.902445495084496 3.1902446352713465e+01 31.902463449332963 31.902486633363125   
381 4191 0.002399358695736629 65.73307096608416 31.902445495084496 3.1902448663126719e+01 31.902456895787285 31.90253594962348   
382 4202 0.0022634992357362907 65.80402925115074 31.90244403712088 3.1902444037120880e+01 31.902463219342437 31.902481931201148   
383 4213 0.0021885471441054666 67.81167106213015 31.90244403712088 3.1902449536189671e+01 31.90245855781699 31.90246762517343   
384 4224 0.002015185372561417 67.96590982344473 31.90244403712088 3.1902447828098328e+01 31.902458981308403 31.902474406291127   
385 4235 0.001888805151285198 68.40750880348043 31.90244403712088 3.1902447257028683e+01 31.90245682299945 31.902483851169478   
386 4246 0.0017957320397555608 68.36412777566416 31.902444000070428 3.1902444000070428e+01 31.902451673048184 31.902458525208015   
387 4257 0.001780010303816192 68.80781632190222 31.902444000070428 3.1902444346369379e+01 31.902452894857664 31.902466601757663   
388 4268 0.001777010079322109 67.68312676311062 31.902444000070428 3.1902446835115853e+01 31.902450339987773 31.90245943997688   
389 4279 0.0016812851023349008 68.95830382209131 31.902442863786714 3.1902442863786714e+01 31.902448648428408 31.902454867296605   
390 4290 0.0015859979996147276 67.92483721445824 31.90244249415228 3.1902442494152279e+01 31.902448661946334 31.902456242284643   
391 4301 0.001522459227310599 68.24820403239247 31.90244249415228 3.1902443133124613e+01 31.902446499372342 31.90245296279289   
392 4312 0.0014693371864064682 68.52898790539007 31.9024419824513 3.1902441982451300e+01 31.90244369091173 31.902450893252993   
393 4323 0.0014212096607903136 69.7751727274044 31.902440849405757 3.1902440849405757e+01 31.90244354719247 31.90245363771094   
394 4334 0.0012980594640018628 68.95762146685495 31.902440849405757 3.1902441709560637e+01 31.902444752883653 31.902458356387186   
395 4345 0.0012212837157480878 69.7501605842321 31.902440849405757 3.1902442149874549e+01 31.902444483053102 31.902453562981993   
396 4356 0.0011797576065756211 72.24014744998834 31.902440849405757 3.1902441299498875e+01 31.90244560825599 31.902449975735742   
397 4367 0.001102673458730989 72.46641542244696 31.902440849405757 3.1902441643205769e+01 31.902443087718183 31.90244658335599   
398 4378 0.0010393286522403992 72.45352345440435 31.902440849405757 3.1902441287937407e+01 31.902442969326007 31.90244657322023   
399 4389 0.0010263815712253305 73.387558676126 31.902440849405757 3.1902441921934425e+01 31.90244257473403 31.902444115069414   
400 4400 0.000961421154259346 73.6908571688008 31.9024406798065 3.1902440679806499e+01 31.902444137723965 31.902448504420747   
401 4411 0.0009244218581764676 73.04222643549203 31.9024406798065 3.1902441341943270e+01 31.902442155742115 31.902443589026763   
402 4422 0.0008967094595220864 73.45135703819454 31.9024406798065 3.1902440886289941e+01 31.90244299567285 31.902445675442504   
403 4433 0.0008726151808591456 75.38404244110671 31.9024406798065 3.1902440775306122e+01 31.902441771863202 31.902444312971966   
404 4444 0.0008345701765561634 75.33787293753004 31.9024406798065 3.1902440876888392e+01 31.90244163584367 31.902443335416883   
405 4455 0.0007982969474025305 74.684767161452 31.9024406798065 3.1902440937844442e+01 31.902441306825455 31.90244295888548   
406 4466 0.0007784204911695868 75.50627372859638 31.902440660316575 3.1902440660316575e+01 31.902441477528345 31.902443512977264   
407 4477 0.0007074991673685256 75.0811113002739 31.90244065704416 3.1902440657044160e+01 31.902441045502613 31.902443086161252   
408 4488 0.0006906757124487801 75.15202214055756 31.90244053505233 3.1902440535052332e+01 31.902440954782403 31.90244125007954   
409 4499 0.0006865804529964847 74.55591056926092 31.902440521546232 3.1902440521546232e+01 31.902441451025627 31.902443098930124   
410 4510 0.0006446686154986744 77.17924610377419 31.90244042321682 3.1902440423216820e+01 31.90244121770681 31.902441778421423   
411 4521 0.0006194258520121182 78.20648298155268 31.90244042321682 3.1902440531748024e+01 31.902441104738276 31.902442130749822   
412 4532 0.0005773154757158056 80.4417490487819 31.90244034112818 3.1902440341128180e+01 31.90244073825498 31.90244201779172   
413 4543 0.0005722874128677362 81.0311749015959 31.90244034112818 3.1902440493894836e+01 31.902440802450446 31.902441479696094   
414 4554 0.0005260944441677597 83.45206245649834 31.90244034112818 3.1902440365241933e+01 31.902441012210048 31.902441388234354   
415 4565 0.0004759954530407673 83.58138392699585 31.90244024793123 3.1902440247931231e+01 31.902440604217134 31.902441495630406   
416 4576 0.0004414952806440847 83.87448022309877 31.90244024793123 3.1902440380157174e+01 31.9024406260967 31.90244114653359   
417 4587 0.0004155452595469397 86.53128841514751 31.90244024793123 3.1902440365761546e+01 31.902440530043968 31.902441018546057   
418 4598 0.00040641780427214737 87.94359659805153 31.90244024793123 3.1902440318447553e+01 31.9024404848032 31.90244080780967   
419 4609 0.0003921815485756132 90.02084571069423 31.902440246537576 3.1902440246537576e+01 31.902440485208064 31.90244069757852   
420 4620 0.00036849559431475896 89.59647697381315 31.902440216562525 3.1902440216562525e+01 31.902440552739442 31.90244073359142   
421 4631 0.000355402435456892 89.42118259184757 31.902440216562525 3.1902440239540883e+01 31.90244040823278 31.90244047236445   
422 4642 0.0003313435121658798 89.99439295503973 31.902440195988525 3.1902440195988525e+01 31.90244040839991 31.902440569914134   
423 4653 0.00030967044206496 89.67441168563644 31.902440195988525 3.1902440250096195e+01 31.902440336471518 31.902440533865573   
424 4664 0.0003000789432676042 89.59185678020339 31.902440195988525 3.1902440227461870e+01 31.902440311023426 31.902440596359757   
425 4675 0.0002907984976295167 86.32833712678895 31.902440195988525 3.1902440260779521e+01 31.902440380865855 31.902440497969828   
426 4686 0.0002589336986725473 87.50903531112256 31.902440195988525 3.1902440207213370e+01 31.902440294019527 31.90244053067563   
427 4697 0.00023217738816644966 88.3686292425391 31.902440195988525 3.1902440221936072e+01 31.902440298187468 31.90244044654028   
428 4708 0.00021743458048794728 88.1063739498032 31.902440195988525 3.1902440199691778e+01 31.902440252471465 31.90244035704472   
429 4719 0.00020944696651814033 90.26396716662943 31.902440195988525 3.1902440209341457e+01 31.902440259649346 31.90244032307644   
430 4730 0.00020017304590268662 92.61844326900133 31.902440160997017 3.1902440160997017e+01 31.902440234051802 31.90244030079016   
431 4741 0.0001978177669367362 91.64862480324003 31.902440160997017 3.1902440162187446e+01 31.902440222131272 31.90244025331255   
432 4752 0.00018436760039499398 92.13775413685534 31.902440159197827 3.1902440159197827e+01 31.90244019329913 31.902440306480138   
433 4763 0.00017724646361186606 92.68194481614108 31.902440159197827 3.1902440170137552e+01 31.902440194416613 31.902440242601195   
434 4774 0.00018219458545811585 93.22873107549762 31.902440159197827 3.1902440169716012e+01 31.902440205869773 31.90244027384968   
435 4785 0.00017908238522735666 95.0083909834923 31.902440159197827 3.1902440165035056e+01 31.902440212080663 31.90244026274359   
436 4796 0.0001742933960185345 96.23330529329549 31.902440159197827 3.1902440164611932e+01 31.902440198983477 31.902440254722485   
437 4807 0.00015816333429238843 95.36457572687293 31.902440159197827 3.1902440167868619e+01 31.902440192348436 31.902440279953467   
438 4818 0.0001475334434371359 96.48033257610722 31.902440158132368 3.1902440158132368e+01 31.902440189594568 31.902440254778977   
439 4829 0.00014248952807725633 98.46468082136988 31.902440156909307 3.1902440156909307e+01 31.902440175107614 31.90244022124331   
440 4840 0.0001330608341570816 100.78533489584615 31.902440156909307 3.1902440157190060e+01 31.902440176981635 31.90244024220169   
441 4851 0.00012215485908184 100.28633814889272 31.902440154751854 3.1902440154751854e+01 31.902440173913384 31.90244023497066   
442 4862 0.0001161255517736286 100.89087973618213 31.902440154201443 3.1902440154201443e+01 31.902440161732304 31.90244018283264   
443 4873 0.00010849303268569373 101.83380235162176 31.902440148189648 3.1902440148189648e+01 31.902440164012674 31.902440175034656   
444 4884 0.00010437774313210371 102.24106667546268 31.902440148189648 3.1902440149618887e+01 31.90244015904834 31.90244016573116   
445 4895 0.0001082700787925706 104.4666198761648 31.902440148189648 3.1902440149768346e+01 31.902440163450905 31.902440169002933   
446 4906 0.00010467786700219146 105.66956468917995 31.902440148189648 3.1902440153320192e+01 31.90244016403692 31.90244019248711   
447 4917 0.00010038555112559382 105.45385908745571 31.902440148189648 3.1902440150396071e+01 31.902440164570166 31.902440178555945   
448 4928 9.682953837060834e-05 108.0996019909374 31.902440148189648 3.1902440150829666e+01 31.90244015703675 31.90244016634171   
449 4939 9.140399999522869e-05 109.23753535845877 31.902440148189648 3.1902440148484686e+01 31.902440155012542 31.902440162742977   
450 4950 9.081228687555877e-05 111.23421457513007 31.902440148189648 3.1902440151090474e+01 31.90244015725901 31.902440168215804   
451 4961 8.522991800615812e-05 113.76776468521145 31.902440147767575 3.1902440147767575e+01 31.902440153815277 31.902440156479138   
452 4972 7.804449010369279e-05 113.26712640124966 31.902440146515847 3.1902440146515847e+01 31.902440153542003 31.90244016359186   
453 4983 7.641426261730397e-05 116.95283548562695 31.902440146515847 3.1902440147799677e+01 31.90244015431566 31.902440161929196   
454 4994 7.355566350401076e-05 118.8592939570497 31.902440146515847 3.1902440146908759e+01 31.902440150863217 31.902440163196452   
455 5005 7.101737820169571e-05 120.97147034902 31.902440146515847 3.1902440147516987e+01 31.90244015024059 31.902440153225065   
456 5016 6.870532702563254e-05 122.01526215428444 31.902440146515847 3.1902440147832987e+01 31.902440152160707 31.902440161299438   
457 5027 6.480303221831989e-05 121.2375467751586 31.902440146515847 3.1902440146999101e+01 31.90244015041253 31.902440158288247   
458 5038 6.039803063800694e-05 123.54498818808231 31.902440146515847 3.1902440147892381e+01 31.90244014916862 31.902440158082097   
459 5049 5.7165043846443565e-05 123.48390956304083 31.902440146515847 3.1902440148103658e+01 31.902440150164626 31.902440160655797   
460 5060 5.570914837916455e-05 124.29865392864647 31.902440146515847 3.1902440147208178e+01 31.90244014917415 31.902440150225722   
461 5071 5.531861036851202e-05 126.4202103960554 31.902440146515847 3.1902440146523986e+01 31.902440149533025 31.90244015590482   
462 5082 5.3857298474656404e-05 127.42820160257816 31.902440146140165 3.1902440146140165e+01 31.90244014838642 31.90244015022286   
463 5093 4.9249610514860084e-05 127.40173538066497 31.902440145910333 3.1902440145910333e+01 31.902440148585654 31.90244014918779   
464 5104 4.508855385483365e-05 128.20215669629695 31.902440145896183 3.1902440145896183e+01 31.902440146766555 31.90244014978423   
465 5115 4.236447859820485e-05 128.63511327022533 31.902440145896183 3.1902440146187551e+01 31.902440147185775 31.902440148124505   
466 5126 3.881765078605734e-05 128.97392056594848 31.902440145896183 3.1902440146181544e+01 31.902440147085567 31.902440148343732   
467 5137 3.5418654220376656e-05 132.53290404674058 31.902440145662947 3.1902440145662947e+01 31.90244014606945 31.902440147152905   
468 5148 3.246163905519414e-05 132.37494584309405 31.90244014545641 3.1902440145456410e+01 31.90244014585826 31.90244014704828   
469 5159 3.076143010330883e-05 133.01871884909608 31.90244014545641 3.1902440145607088e+01 31.90244014633211 31.90244014724709   
470 5170 2.887758254651428e-05 135.90595310365862 31.90244014545641 3.1902440145652832e+01 31.902440146073797 31.902440147097956   
471 5181 2.6881870442874062e-05 137.6764729436965 31.90244014545641 3.1902440145513093e+01 31.902440146004363 31.90244014618869   
472 5192 2.5314906248358233e-05 138.503243391414 31.902440145428116 3.1902440145428116e+01 31.902440145749985 31.902440146197485   
473 5203 2.3798009610023526e-05 139.8700795956429 31.902440145428116 3.1902440145603705e+01 31.90244014582643 31.90244014628632   
474 5214 2.2741208594729913e-05 142.39278097489623 31.902440145422986 3.1902440145422986e+01 31.902440145627576 31.902440146195804   
475 5225 2.1156954095971288e-05 145.7820526036098 31.902440145375145 3.1902440145375145e+01 31.902440145709395 31.902440146179938   
476 5236 1.911691061630027e-05 147.80764864039608 31.902440145375145 3.1902440145379494e+01 31.902440145705427 31.902440145996263   
477 5247 1.7892746003833103e-05 148.62587567194834 31.902440145375145 3.1902440145385430e+01 31.902440145627658 31.90244014577793   
478 5258 1.6464702996690205e-05 150.6572265829478 31.902440145375145 3.1902440145393779e+01 31.9024401454976 31.902440145931173   
479 5269 1.5937200224997295e-05 152.81885524281304 31.902440145375145 3.1902440145397911e+01 31.90244014554711 31.902440145817238   
480 5280 1.4975387597839087e-05 153.93615233218313 31.902440145375145 3.1902440145412619e+01 31.902440145524714 31.902440145619487   
481 5291 1.4544982761091458e-05 154.4655034054517 31.902440145360565 3.1902440145360565e+01 31.902440145511825 31.902440145684416   
482 5302 1.4446192016246016e-05 156.55820960122267 31.902440145358234 3.1902440145358234e+01 31.902440145454793 31.902440145652378   
483 5313 1.4397783321941741e-05 157.83756698834443 31.902440145335564 3.1902440145335564e+01 31.902440145456698 31.90244014575234   
484 5324 1.3250397852007454e-05 163.009441852632 31.902440145335564 3.1902440145343146e+01 31.90244014541544 31.902440145668905   
485 5335 1.2763878265277725e-05 165.16713542163478 31.90244014533175 3.1902440145331749e+01 31.902440145403695 31.902440145490065   
486 5346 1.2543787522044848e-05 166.8825155833121 31.90244014530528 3.1902440145305281e+01 31.902440145390656 31.902440145493003   
487 5357 1.2401226604588305e-05 172.52427826244752 31.902440145300876 3.1902440145300876e+01 31.902440145355335 31.902440145501064   
488 5368 1.3410675954898316e-05 183.92906980002573 31.902440145300876 3.1902440145322185e+01 31.90244014538153 31.90244014550342   
489 5379 1.438530273107374e-05 197.72553374331326 31.902440145300876 3.1902440145316774e+01 31.902440145356955 31.902440145504702   
490 5390 1.4252583498765529e-05 200.65929467907878 31.902440145300876 3.1902440145334793e+01 31.902440145401588 31.902440145527976   
491 5401 1.3778612128235015e-05 206.75914000561517 31.902440145300876 3.1902440145344045e+01 31.90244014543683 31.902440145532243   
492 5412 1.327326934934793e-05 214.57224062687467 31.902440145300876 3.1902440145343235e+01 31.902440145373262 31.90244014559187   
493 5423 1.2474487210481064e-05 218.1453810898731 31.902440145300876 3.1902440145350571e+01 31.90244014540062 31.902440145600064   
494 5434 1.1975267412994214e-05 219.15480504297713 31.902440145300876 3.1902440145340236e+01 31.902440145408406 31.902440145508518   
495 5445 1.1279949717765107e-05 217.92993331723378 31.902440145300876 3.1902440145335120e+01 31.902440145383437 31.902440145459327   
496 5456 1.0454862449555498e-05 223.85107378984077 31.902440145300876 3.1902440145321645e+01 31.90244014537889 31.902440145397385   
497 5467 1.024592299803885e-05 221.43668696050364 31.902440145300876 3.1902440145333262e+01 31.902440145350493 31.9024401454036   
498 5478 9.855780118570006e-06 217.703763674084 31.902440145300876 3.1902440145322796e+01 31.902440145356902 31.902440145398046   
499 5489 9.55250244303419e-06 222.71173403179904 31.902440145294207 3.1902440145294207e+01 31.9024401453475 31.902440145395325   
500 5500 9.291669230662358e-06 223.38383200154072 31.902440145294207 3.1902440145297707e+01 31.902440145317428 31.90244014537795   
501 5511 9.085792425928976e-06 227.87888046993314 31.902440145289983 3.1902440145289983e+01 31.902440145312838 31.902440145356795   
502 5522 8.586125959470302e-06 229.4988938348497 31.902440145289983 3.1902440145298087e+01 31.90244014532039 31.902440145393896   
503 5533 8.150289135068797e-06 230.45299608498007 31.902440145289983 3.1902440145297060e+01 31.9024401453125 31.90244014533916   
504 5544 7.3715720056521136e-06 240.47638552374966 31.902440145289983 3.1902440145290374e+01 31.902440145325684 31.902440145361652   
505 5555 7.054927273618468e-06 241.8743445140544 31.902440145289784 3.1902440145289784e+01 31.902440145305725 31.902440145336048   
506 5566 6.4852987120214045e-06 243.03642198705128 31.902440145289784 3.1902440145295056e+01 31.90244014530212 31.90244014533446   
507 5577 6.065852779839581e-06 242.44818565008754 31.902440145289784 3.1902440145291717e+01 31.9024401453014 31.902440145314902   
508 5588 5.741597863813978e-06 241.09403642299426 31.90244014528695 3.1902440145286949e+01 31.90244014530511 31.902440145324036   
509 5599 5.175905171312579e-06 240.76859181336718 31.90244014528695 3.1902440145291255e+01 31.902440145303803 31.902440145322252   
510 5610 4.676135897067255e-06 242.69133485704884 31.90244014528695 3.1902440145287763e+01 31.902440145294154 31.902440145300318   
511 5621 4.603855742848002e-06 243.8767655966818 31.90244014528695 3.1902440145291298e+01 31.902440145292232 31.902440145307597   
512 5632 4.2528619354968645e-06 241.7409432718044 31.90244014528695 3.1902440145287386e+01 31.90244014529118 31.902440145312593   
513 5643 4.134140935767263e-06 240.8033763399788 31.90244014528695 3.1902440145286953e+01 31.902440145294477 31.90244014530235   
514 5654 3.955771135731391e-06 242.8159617902263 31.902440145286462 3.1902440145286462e+01 31.90244014528979 31.902440145297245   
515 5665 3.7955106582188532e-06 243.5369364597888 31.90244014528539 3.1902440145285389e+01 31.902440145290345 31.902440145295117   
516 5676 3.6544275163628308e-06 242.10663682668726 31.9024401452849 3.1902440145284899e+01 31.902440145289717 31.902440145297525   
517 5687 3.6324001974597686e-06 246.2567051229538 31.9024401452849 3.1902440145284928e+01 31.902440145288637 31.902440145298467   
518 5698 3.7081524163919663e-06 247.26118749473045 31.902440145284476 3.1902440145284476e+01 31.90244014528584 31.9024401452914   
519 5709 3.572462970254678e-06 253.89638236407043 31.902440145283283 3.1902440145283283e+01 31.902440145286104 31.902440145293003   
520 5720 3.400273172675077e-06 259.69325852863153 31.902440145283283 3.1902440145284011e+01 31.902440145286274 31.90244014529004   
521 5731 3.263652213091458e-06 261.0220689674166 31.902440145283283 3.1902440145283769e+01 31.9024401452865 31.90244014529064   
522 5742 3.185214957949964e-06 268.5051786880948 31.902440145283283 3.1902440145283467e+01 31.902440145286583 31.902440145289454   
523 5753 3.180373179408922e-06 265.4639315913573 31.90244014528324 3.1902440145283240e+01 31.902440145286686 31.902440145289706   
524 5764 3.262380053200403e-06 269.29037538733644 31.90244014528324 3.1902440145283478e+01 31.902440145286242 31.902440145288   
525 5775 3.137778975931284e-06 271.36403294018174 31.90244014528324 3.1902440145283425e+01 31.902440145286757 31.902440145289447   
526 5786 3.0444488642937254e-06 272.9068836603436 31.90244014528324 3.1902440145283276e+01 31.90244014528588 31.902440145288224   
527 5797 2.9536523223472253e-06 272.09940727828797 31.9024401452832 3.1902440145283201e+01 31.902440145284753 31.902440145287986   
528 5808 2.682983482852686e-06 273.68663410014085 31.902440145283116 3.1902440145283116e+01 31.902440145286295 31.90244014528902   
529 5819 2.604342364219629e-06 280.2667574935157 31.902440145282934 3.1902440145282934e+01 31.902440145284647 31.902440145287596   
530 5830 2.479944386145173e-06 277.1374993888867 31.902440145282934 3.1902440145283510e+01 31.90244014528475 31.902440145288026   
531 5841 2.371012941432416e-06 276.23094111534215 31.902440145282934 3.1902440145283343e+01 31.90244014528389 31.90244014528534   
532 5852 2.1275903312489243e-06 277.53079472060904 31.902440145282934 3.1902440145283265e+01 31.90244014528441 31.902440145285507   
533 5863 1.8858740164839874e-06 274.486074104423 31.902440145282885 3.1902440145282885e+01 31.90244014528368 31.90244014528713   
534 5874 1.7844881016988167e-06 277.59145177406253 31.90244014528272 3.1902440145282721e+01 31.90244014528362 31.902440145284054   
535 5885 1.6611870121213048e-06 291.0960415536877 31.90244014528272 3.1902440145282799e+01 31.902440145283244 31.902440145283748   
536 5896 1.5587953653263836e-06 298.6078233964738 31.90244014528272 3.1902440145282974e+01 31.90244014528335 31.902440145284178   
537 5907 1.541046302751628e-06 298.16534064852215 31.9024401452827 3.1902440145282700e+01 31.902440145283506 31.902440145283702   
538 5918 1.4879231407973331e-06 302.1152023691215 31.90244014528264 3.1902440145282640e+01 31.902440145283016 31.902440145284405   
539 5929 1.4902658330504973e-06 303.3953656953393 31.902440145282622 3.1902440145282622e+01 31.902440145283144 31.902440145283737   
540 5940 1.4198675934818637e-06 312.06093637017597 31.902440145282622 3.1902440145282888e+01 31.90244014528326 31.902440145283823   
541 5951 1.3677477739837278e-06 313.00727357064704 31.902440145282622 3.1902440145282686e+01 31.90244014528289 31.90244014528346   
542 5962 1.3939964482906682e-06 321.0549394331922 31.902440145282622 3.1902440145282668e+01 31.902440145283006 31.902440145283734   
543 5973 1.4319398137672311e-06 332.98749879680855 31.902440145282622 3.1902440145282778e+01 31.902440145282956 31.90244014528343   
544 5984 1.4569331137723989e-06 339.8601588196075 31.90244014528261 3.1902440145282611e+01 31.90244014528312 31.902440145283663   
545 5995 1.5227864728547453e-06 337.28267258094985 31.90244014528261 3.1902440145282647e+01 31.902440145282835 31.902440145283137   
546 6006 1.628580903193015e-06 334.4654066067698 31.90244014528258 3.1902440145282579e+01 31.902440145283048 31.902440145283606   
547 6017 1.6936724371441668e-06 341.13206414151546 31.90244014528258 3.1902440145282661e+01 31.90244014528286 31.902440145283894   
548 6028 1.7153653164183416e-06 343.8385373865668 31.902440145282558 3.1902440145282558e+01 31.902440145282874 31.902440145283467   
549 6039 1.6807979246884141e-06 350.1367701109811 31.902440145282558 3.1902440145282611e+01 31.90244014528303 31.902440145283734   
550 6050 1.570005311503019e-06 357.43348465326665 31.902440145282558 3.1902440145282622e+01 31.902440145283073 31.902440145283347   
551 6061 1.5237503032660342e-06 359.5882413909376 31.902440145282558 3.1902440145282618e+01 31.902440145283002 31.902440145283247   
552 6072 1.4296918918100726e-06 371.9562770052522 31.902440145282558 3.1902440145282704e+01 31.90244014528327 31.902440145284004   
553 6083 1.3379953831400593e-06 380.8480150138855 31.902440145282558 3.1902440145282583e+01 31.902440145283034 31.902440145283265   
554 6094 1.2390539679560828e-06 380.82759137460295 31.902440145282526 3.1902440145282526e+01 31.9024401452827 31.902440145282956   
