% # columns="iteration, evaluation, void, void, void, xmean", seed=856356, Wed Oct 20 14:27:37 2021, <python>{}</python> # scaling_of_variables: 1, typical_x: 0
1 9 0 0 0 -0.05743747443431941 0.5236431151253977 -0.17324351758107046 0.15501923603800208 -0.025632321174716418 0.042903121968224024 0.17481158000801675
2 18 0 0 0 0.23083397730241673 0.39306772138759993 -0.3915795545363478 0.09992552092033109 -0.07820504699266505 -0.07791761414967802 0.2961559024139265
3 27 0 0 0 0.45424707911738077 0.4678886040661403 -0.7626777273804773 0.11548639396174987 -0.4202139419986638 -0.0548140464137253 0.19665842708708844
4 36 0 0 0 0.4271934578511183 0.25252696139228853 -1.011495606913701 0.45878608361298745 -0.3695137283382266 -0.038238216268312177 0.3935371234464656
5 45 0 0 0 0.2824615396233943 0.04780021566700998 -1.3614887881575464 1.1926719659208436 -0.7477769752075706 -0.11889216595489596 0.5695874289083416
6 54 0 0 0 -0.12479270831755757 0.28083861593786813 -1.6407336033431668 1.9859484817523432 -1.179129102661338 -0.5535096057015045 0.5444611157865463
7 63 0 0 0 0.10703177229919764 0.4581132356543217 -2.462519395086818 2.7318485147245126 -1.4178500930903188 0.016364144884685405 1.1127336708793982
8 72 0 0 0 0.08884205585280763 0.3988128968461668 -2.7416180839785995 4.895963519921795 -1.559004677024594 -0.7592552060263127 1.0239445911854432
9 81 0 0 0 -0.2099888861901285 0.3409944948939695 -3.2782946517137552 6.438203836569407 -1.6940060668298869 -0.6616490890978168 1.3168334874293064
10 90 0 0 0 0.5894606573268646 0.1198106358486749 -3.6619458535585134 7.555272267835588 -1.5161448463203007 -0.5919089944674398 2.194480008358521
11 99 0 0 0 2.118590488132277 -1.5770234829437402 -4.6260341141284345 10.013115579314974 -2.9919125899151764 0.30173260723641027 4.175081808123512
12 108 0 0 0 2.1236805317392737 -2.726204265502868 -4.882835461852667 11.181423931901803 -2.109032411967539 2.3168176034029164 2.788829727525463
13 117 0 0 0 0.9680579461918182 -3.460173594970103 -1.914263071894359 14.226770818222331 -3.796310180996393 1.1860485568989132 3.705833757579172
14 126 0 0 0 -1.527878189420754 -5.518586856418303 -4.304174736788709 15.831568621361747 -3.286839548100603 0.8331831673245143 4.933942919639289
15 135 0 0 0 0.8970875357274508 -6.9902733161586905 -4.378309001208906 18.720845537899034 -5.61227182373331 1.13427098677431 6.01535947551959
16 144 0 0 0 1.5092443187334803 -9.248295595930491 -4.855841785850217 23.375720982581555 -6.695428732825732 4.1149454851753635 7.458185779815968
17 153 0 0 0 1.2332362104012764 -13.274486313633979 -3.8466309032621107 27.922598508852822 -9.204608312973173 5.931025504363675 14.249835679356794
18 162 0 0 0 -2.923056219275356 -19.393900666901022 -3.991292100979808 36.51511899500985 -9.062254750404199 9.389549218488561 18.568028243557713
19 171 0 0 0 2.8141337256042007 -24.108222078588717 -9.5349296102464 38.79884304053304 -7.11338621582201 6.4778504508391785 16.452094670997322
20 180 0 0 0 4.284805085770026 -22.388208276535078 -13.909843121628315 32.20870950228713 -7.860164093799876 12.698438616693917 19.049643644404835
21 189 0 0 0 10.338742182851762 -16.5054640770343 -12.715760031851323 37.25608535441802 -9.660043355728783 13.744018751417586 21.107927760369094
22 198 0 0 0 3.2408547624201196 -16.81639693072083 -6.543742884302634 40.21973106881299 -13.228085457428687 18.637127718349202 22.85523671328174
23 207 0 0 0 6.984150393280184 -15.241277825679582 -6.554869217532684 35.087179727287364 -15.382947107467366 19.137510463531765 21.001178763071376
24 216 0 0 0 6.710234003138825 -8.103260460714392 -6.419854219768226 41.0077106891217 -12.530892356748021 21.066808383931942 22.187157363919077
25 225 0 0 0 4.730909336868219 -6.269728182079179 -1.2588708300836995 42.19090542153201 -10.574774635895603 18.52329938181248 20.515715127609568
26 234 0 0 0 2.9685714129296414 -13.130597334187621 -4.600488024649555 37.602289627436726 -3.5697225876189433 19.32320968729863 9.026624947101798
27 243 0 0 0 8.25261992257033 -7.430541250746838 -4.0995785439262855 38.117350914469455 -7.1945407077815915 21.95050802701772 11.294202842734812
28 252 0 0 0 11.95420894668322 -11.61530069883215 0.40411150019158715 36.600097004115256 -11.165055948163015 24.87922138688942 3.928044626183249
29 261 0 0 0 8.795238717768811 -5.674096578958963 2.061674613443627 37.885384388148076 -11.755917519753966 21.43780887857324 7.107258239245611
30 270 0 0 0 8.81032753642823 -3.4829113734407025 -0.3741368493207635 39.65673298573168 -8.753788116512371 22.194306514694183 4.916027936554682
31 279 0 0 0 3.5674486829784193 -10.490074615086389 3.7382939581822625 39.28843800048291 -8.78759936484149 23.676090251843526 2.5479709238559893
32 288 0 0 0 2.7153422452611915 -11.83599357005641 1.3088722406145497 39.0842352285548 -6.863529481885102 23.63961577018656 4.861339647519654
33 297 0 0 0 10.981042150212467 -8.914798656413339 -1.64908290413947 38.5107404651529 -2.864529982274536 26.19882197056637 2.7975804950297545
34 306 0 0 0 13.966859150216159 -12.20496781343399 -3.1833010978705256 34.71586085282783 -5.244974019091325 26.238602288309984 0.9404325366430832
35 315 0 0 0 18.701289631283547 -8.503094775831837 -4.996485505278054 35.96110850304053 -3.7851984870575266 27.461089630865253 -2.2253326319719346
36 324 0 0 0 20.650299836809783 -10.640813048464794 -6.251724736731187 35.4439923078717 -1.6662096752028224 27.92445454714327 -3.4744199964000786
37 333 0 0 0 20.655699807303055 -13.677355164935324 -8.377306351887446 33.284903166672805 -1.9177200149551281 28.862405375802453 -5.70731602569585
38 342 0 0 0 22.784091141396978 -17.39868991326126 -12.739853528694315 31.785619097753877 -1.6947537224085167 32.25406290536888 -11.208444709976098
39 351 0 0 0 21.321352824342526 -19.122838274322337 -9.440086912788976 30.272298926800612 3.22891253786033 34.72055381894334 -20.472698602254795
40 360 0 0 0 16.350939723123076 -13.965358594343487 -12.3229284956941 31.192933512181508 3.516986189187725 29.04472580758316 -13.628998250993728
41 369 0 0 0 17.90962602478734 -14.762930401574122 -15.908402391551055 32.87612091191826 5.177657134676973 28.046255065785505 -11.61602086522851
42 378 0 0 0 8.843921604430921 -16.269326494908103 -13.183899670283381 37.41752226563852 6.614570504157983 20.70569141472164 -10.487043788481206
43 387 0 0 0 13.962363663949775 -19.646072919181258 -11.272383575883724 38.99347104187956 6.747315636156868 17.6777664970197 -10.552033245200754
44 396 0 0 0 13.802392382429469 -19.790723383658477 -13.58797115410989 36.450092769020785 6.015460711444165 19.54905453762498 -9.805366259572505
45 405 0 0 0 7.97524319393711 -21.086073736600618 -12.909599203970288 39.698578336493235 -0.382017327602151 10.274122508979092 0.6290857481132566
46 414 0 0 0 5.299760197532538 -26.737291223929507 -7.177708443998803 35.91749319849989 3.1512181930407035 14.225262781856134 -3.1839271968276686
47 423 0 0 0 2.8115688131359895 -28.452259731945666 -11.783812275064907 33.11706341299925 10.278722753679892 7.410247251429155 -7.818558653024595
48 432 0 0 0 2.9572172313169256 -28.71133669752851 -9.541228653614521 32.16681815183325 13.524744467363 10.542012874864337 -14.949378261568002
49 441 0 0 0 5.546000459415101 -31.36738860055815 -8.844603087834418 30.330956218854332 7.3876900338215705 12.984518813791531 -15.176668076782343
50 450 0 0 0 5.580561077300693 -29.003492310373062 -8.156219169902634 34.4879790080381 7.7630141753074 14.438935932312583 -14.731878540234863
51 459 0 0 0 1.381838016541355 -27.39008741421331 -5.917623091472023 36.008792082889336 6.623820007422214 11.945101901674194 -11.627405944889105
52 468 0 0 0 6.953513691195177 -26.691740585855207 -7.240455190184068 36.55967665026428 5.563360324935569 15.691731659558217 -13.054057937138236
53 477 0 0 0 11.414928049878348 -26.955205438615067 -7.67080098232108 35.42002973136166 7.164855060720201 19.36656683002328 -18.80027167715315
54 486 0 0 0 8.109762897498179 -24.27451245802508 -8.27462704996429 38.25108620360116 8.827063697255632 14.492934496197288 -17.37975283552149
55 495 0 0 0 13.661324038576211 -24.635286135699207 -10.0876106739419 32.827682408438825 9.008039113597174 18.67393735112795 -19.431110363719167
56 504 0 0 0 9.128834370149292 -26.876655629664562 -10.487848304308404 35.029754555944265 9.390301458612813 14.878448939358373 -19.95314202702409
57 513 0 0 0 7.184729274334078 -24.59400079835681 -10.836449965974776 36.07203094227925 10.154515766665572 14.343261452369488 -21.079381023420826
58 522 0 0 0 6.7396908041045105 -22.827895562939265 -9.762754934266315 37.982963547365884 8.456857791317685 13.78923494464718 -18.852264975367873
59 531 0 0 0 7.706053566596341 -21.01644138088464 -8.894069666826319 40.212508016901744 8.095815573593926 13.562563197319403 -19.035120183336698
60 540 0 0 0 7.000465611605531 -20.058830471440626 -8.852478238810344 41.10922512884889 7.6387068448006215 13.748644563142502 -20.016841181728434
61 549 0 0 0 6.715295796717033 -21.748834840388803 -9.867553115932498 38.128122413717584 8.403578852208756 15.423616857248172 -18.988737555437865
62 558 0 0 0 5.941917778802264 -18.064500076920226 -9.712920872254259 41.5575935776989 8.978351803477874 14.192061929391127 -16.428778343155138
63 567 0 0 0 6.586469635923103 -18.1902704889607 -8.939783910832707 41.56082000920263 5.84184808098876 16.095303497008494 -12.103797016693106
64 576 0 0 0 8.460412926907656 -17.584702193345496 -9.656419897384911 41.60808224641787 4.83159339659127 16.18008563213696 -11.928919378147905
65 585 0 0 0 8.73936672769474 -17.552639799756548 -9.852722554093779 40.37188575699228 5.151494588286837 19.179056907001517 -13.28525641828108
66 594 0 0 0 7.673572715928712 -18.774951763755002 -9.039490724072369 41.138601485081644 4.629262067261722 16.892215832956968 -13.449557639821784
67 603 0 0 0 6.522772423830994 -17.658421836541017 -9.544439575656297 41.957328739658216 4.249853535991096 16.376660255004403 -12.387550600168286
68 612 0 0 0 7.452577953267453 -19.30373547202982 -9.983435575538849 40.918956241650626 4.659322011815599 15.961728099483043 -12.848235176405375
69 621 0 0 0 5.135189379151158 -18.65862037268593 -10.09828789161597 41.538005981474655 5.105423025693762 14.443119296884825 -11.563405912798698
70 630 0 0 0 4.2931595717828195 -18.410720892587122 -10.123064536755942 40.93425487492504 7.546751825015135 13.500456492705828 -13.085479280710778
71 639 0 0 0 5.444951059489492 -17.543773016610874 -11.251272162558601 40.119772717692186 9.078916533818145 13.76187932920013 -15.836992605102447
72 648 0 0 0 3.5538550219506586 -15.924180138894917 -11.081949394311993 40.43704373901334 9.360219756048293 14.445885367462312 -14.174006184464274
73 657 0 0 0 3.6166861546015565 -17.096840264238814 -11.015518753960965 41.053780315936734 8.143849815970798 13.009908560784615 -12.503591665835385
74 666 0 0 0 5.782075413212046 -16.916354170072893 -10.786499306936175 41.02999678359934 6.64706347410992 15.309636209044642 -11.738231625316018
75 675 0 0 0 6.122836164508504 -17.388365276012586 -10.796741629449667 40.935586082567845 6.77240491742963 14.622078911903904 -11.409291447227021
76 684 0 0 0 6.985555823312393 -17.616686516441643 -10.343728407969099 40.543889121106034 6.649358593506424 16.061733452900686 -11.599407694737252
77 693 0 0 0 6.2766577100244225 -15.830060000260538 -9.910390224306012 41.75282890597532 6.2764746864443035 15.981316830144523 -9.972070747456408
78 702 0 0 0 4.954864983840788 -15.986703365030621 -10.276089125278167 41.36010628577259 7.541664660154536 15.049633438349703 -10.668314280173444
79 711 0 0 0 5.246118565739768 -15.300189690092957 -10.81856720772057 40.63668089574432 7.8431923193925925 16.25081215984478 -10.434069730853286
80 720 0 0 0 4.865225022827364 -14.424529656357278 -10.757630920439368 40.72695843437457 8.707942489382294 16.158068309261374 -10.799764289269625
81 729 0 0 0 4.2190567943781 -13.264011164440106 -10.745517286374106 40.93683596236201 9.509792569065592 16.266092993925383 -11.783925808046124
82 738 0 0 0 4.240342430168395 -12.779872218658545 -10.741974338578029 41.306024707874734 8.843846813133208 16.653516483070298 -10.955756725978986
83 747 0 0 0 2.0146694338580873 -13.174994419485817 -10.963710047381547 41.776083996250236 9.365000368831064 14.589113057767976 -9.722844264938205
84 756 0 0 0 2.4671493570209226 -12.726050604397367 -11.263978114530367 41.4158654737368 9.69447350717532 14.911943447290549 -10.798506764023172
85 765 0 0 0 0.994389397711684 -12.245675743307809 -11.47190841093559 41.270670991182236 10.738097616866112 14.644781775674273 -11.463939209834162
86 774 0 0 0 -0.33482356717292516 -11.640928869566952 -10.9698386688308 42.647099505554614 10.532340106311194 12.995685445062794 -9.612068411361813
87 783 0 0 0 -1.5054511237270651 -12.147723657139975 -11.689648165062827 42.03125482234276 11.625397759924416 12.260835626017007 -9.930005273532876
88 792 0 0 0 -1.4991667143285181 -10.496093879932943 -11.809086198552981 42.12664047245013 12.775821422740577 12.165843993506009 -11.452463590447557
89 801 0 0 0 -2.7808279978395287 -11.468863561663266 -11.788674325852709 42.13237086177314 12.829732585323427 11.271456498914763 -12.01332033999894
90 810 0 0 0 -4.122365068104107 -9.227976659978331 -11.60014365915991 43.07070105809079 13.821892301641803 10.899233567349835 -10.407331453102014
91 819 0 0 0 -6.995883975327368 -8.472356415776378 -12.215352260938463 43.376518499885655 15.722805194827412 8.45443024047625 -10.471629320502814
92 828 0 0 0 -7.5846920945565905 -9.373115142064412 -12.304586928785303 43.46359394324015 15.824078256465478 7.048643417303284 -10.951329179995062
93 837 0 0 0 -8.776425887034117 -9.554844664666348 -13.071750473258087 42.62687298389348 16.758424126264334 6.84000093176148 -12.650640516083088
94 846 0 0 0 -12.17776844171545 -7.996569978011765 -12.976945436308759 44.13531365800046 16.971697428499336 4.989376778275228 -10.124060429707104
95 855 0 0 0 -15.271575551884494 -6.774129555828574 -13.692796051095012 44.98030558617559 18.071928145003355 2.627380692232897 -9.44871415588383
96 864 0 0 0 -14.484265522614411 -7.147822800828423 -14.728975224837159 44.268563054325554 18.482655753352947 2.4269257858377866 -9.731200567750141
97 873 0 0 0 -16.149595440939837 -6.388412575406206 -13.888060713764393 45.9744138275341 18.493095183587762 0.41380168962653086 -9.811433131406602
98 882 0 0 0 -15.401653911150358 -4.687634752089108 -14.3870887330001 46.052617358193686 18.769028829552774 1.3823349218389636 -10.61954450693202
99 891 0 0 0 -17.319291163492476 -4.7123087187945645 -14.406020720478208 45.48093047989122 19.776096619747715 0.7524893318146239 -12.436040376361705
100 900 0 0 0 -16.48995991188745 -4.950703722467796 -14.970174372100866 45.746889359544454 18.338917805569974 1.2835870726614762 -10.585499854713818
101 909 0 0 0 -15.785300723395672 -3.8655560679786185 -14.733640857357583 45.65037183776412 18.44422935487205 2.450089475609431 -9.26499381099445
102 918 0 0 0 -15.528353969082918 -4.537422593653132 -15.484653725350327 44.96856785733013 19.444747222094904 1.655272397948629 -9.735856100987442
103 927 0 0 0 -14.069181978657912 -2.901170222170588 -15.227499497811126 45.47327207421907 19.299578050416372 2.7926841417640746 -10.952330789378014
104 936 0 0 0 -14.018839898182524 -2.561527760159265 -15.438922332780095 45.71423387429427 19.17927710944327 2.62875172632738 -9.91961273954645
105 945 0 0 0 -13.284222643709072 -4.065589349410503 -14.330769687244462 46.51783269791474 17.127706863981217 2.7964839534240102 -7.689891061236053
106 954 0 0 0 -13.021771473853526 -3.3194508890401986 -14.473642555365638 46.30979443556808 17.22669160573277 3.900807780806012 -6.1479524189390755
107 963 0 0 0 -14.482120690194643 -3.502332754913474 -15.061458247133675 46.03964457880966 18.12321217314568 2.5605270160478955 -6.251207769985722
108 972 0 0 0 -14.614599502061843 -4.154985859475046 -15.2983054107937 45.56699287048774 18.425284146975343 2.2663344472672033 -6.728541526719518
109 981 0 0 0 -15.294474228444447 -4.633821171937474 -14.088263456447601 46.42629113434821 18.377729974574084 1.33842866867997 -6.505170923441564
110 990 0 0 0 -16.637152513739423 -5.457582131167976 -15.043983977259378 45.78072044382829 18.761779401090433 0.2540342967758713 -6.490443538041243
111 999 0 0 0 -16.211726903598237 -5.329613722575185 -15.131105884939563 45.67049973684718 18.774023314138454 0.6003660372311037 -7.295536469752801
112 1008 0 0 0 -15.951303527056035 -5.534746279384572 -14.978155140333556 45.34990685814816 19.232564016493072 0.7298699356982162 -7.465578103500643
113 1017 0 0 0 -15.658202915276785 -5.775477249536504 -14.827088632587946 45.851748465438746 18.87216356096515 -0.032254024000995196 -7.512468143234498
114 1026 0 0 0 -15.849468373611156 -5.52420363975697 -14.91111777929147 45.544002670729036 19.752347273344146 -0.10174811674684273 -8.743910550253645
115 1035 0 0 0 -14.651378703483804 -5.221021878365289 -14.642353355621053 45.41149853689438 20.0023036081923 0.4273900743665068 -9.778230365016238
116 1044 0 0 0 -14.546909893237654 -5.410530859528852 -14.82470719772417 45.13423400943834 20.159379315978505 0.32859553350238213 -10.489675747057596
117 1053 0 0 0 -15.104977705770162 -5.523723044275551 -15.02852988863809 44.61646223609646 21.314410269853518 0.10940478698981027 -11.249405046202233
118 1062 0 0 0 -13.895371174702118 -6.255132381030441 -15.327828577361634 44.40482658762669 20.985629673496614 -0.018556314282053787 -11.802829776102325
119 1071 0 0 0 -15.07429034006094 -5.821452535471827 -15.055541839066738 45.19016984944377 19.947256799478254 0.13322177180410058 -9.875857835769011
120 1080 0 0 0 -14.436670305283862 -5.563144249491282 -14.71828088888682 45.058558089148214 20.282759322639038 0.5774185154042406 -9.72943615623777
121 1089 0 0 0 -14.4122772827506 -4.95659634239768 -14.173905113762565 45.45493036491902 20.375236086748732 0.7329846437266169 -10.059768037267464
122 1098 0 0 0 -14.540943252870933 -4.830805141792593 -14.575850141352142 44.75199760696605 21.19157546573504 1.0628723188137295 -10.837584848011899
123 1107 0 0 0 -14.57546318940337 -4.39451502091094 -14.093461203512325 45.02688677337288 21.120625327103788 1.4269485369700188 -10.528208861511084
124 1116 0 0 0 -14.63779899266931 -4.438471297940853 -13.879290360984617 45.279937551423025 20.777208443912937 1.3114374470408345 -10.91144702986687
125 1125 0 0 0 -13.919424241086581 -4.8375321516457985 -13.863356217984306 45.07608600838551 21.236894617033524 1.013605279440089 -11.040352343631564
126 1134 0 0 0 -14.015869441283607 -4.831424674990901 -14.022932674572118 45.02965967030658 21.28889706614676 0.9152689340159921 -10.430074583676184
127 1143 0 0 0 -14.524070158083012 -4.945720766670114 -14.334644696531647 44.793636410089526 21.40482203654451 0.8492619929476989 -10.246118962382365
128 1152 0 0 0 -14.985908897915532 -4.888391896697087 -14.688591454954185 44.666883599032836 21.39998850629607 0.8829813461379412 -10.213631168586373
129 1161 0 0 0 -15.082148607536594 -4.582994216962947 -15.180504544878556 44.3228564705092 21.60508355091109 1.1991005364501601 -10.264625674293246
130 1170 0 0 0 -14.892771889388849 -4.6905397480429825 -14.751675857182532 44.6494118787848 21.38608946964401 1.112813709605767 -10.059663175199558
131 1179 0 0 0 -15.169275031740082 -4.8119334447152955 -15.05205703517837 44.52268247323625 21.38534003702207 1.0199095949710102 -9.623631866225336
132 1188 0 0 0 -15.661208536728855 -4.721912978815631 -15.21250187561631 44.268544049275846 21.729927301332378 1.0778516250660297 -9.532889524038557
133 1197 0 0 0 -15.705472927360423 -4.941201212824014 -15.2284650269415 44.21520077091174 21.79220076899225 0.8550889128024811 -9.77289164925578
134 1206 0 0 0 -15.715113097119197 -4.85984194789774 -15.470085180038312 44.23020043864599 21.634464347287174 0.8694923737022807 -9.396786071502857
135 1215 0 0 0 -15.389079288398616 -4.480639782189475 -15.213615577558787 44.493417520564265 21.320776495907893 1.3300902123338005 -9.313685676931158
136 1224 0 0 0 -15.637442215660014 -4.402607799453266 -15.2501760934686 44.43867775245128 21.3995145245285 1.4303149337083545 -8.703754518512868
137 1233 0 0 0 -15.619785881216485 -4.245563933530399 -15.279532428735578 44.514382684123106 21.242674608143336 1.5737721213685198 -8.6834588890367
138 1242 0 0 0 -15.643684859858807 -4.018842576466902 -15.13933783205124 44.61302081503278 21.22202555544682 1.7876798445744024 -8.27861299798214
139 1251 0 0 0 -15.751281655430494 -4.298455916894024 -15.027672748675613 44.53016435389327 21.41209282923102 1.5265576444594637 -8.41070937777083
140 1260 0 0 0 -15.798529334900977 -4.288992246980297 -15.026834687849046 44.55055773591007 21.387897571851838 1.5090620182328989 -8.220374152712528
141 1269 0 0 0 -15.729023282391307 -4.077501273912374 -15.188114020452126 44.68500832609379 21.010516670268515 1.7346111599384644 -7.836055808048289
142 1278 0 0 0 -15.736298456992186 -4.338106584745585 -15.11157274396032 44.919368866972945 20.644434721125595 1.463605676124267 -7.3772625323803505
143 1287 0 0 0 -15.935862941731223 -4.363621009121956 -15.391783880374255 44.84739342688701 20.578694273611998 1.4411450708797182 -7.413304982112772
144 1296 0 0 0 -16.17808994361487 -4.377001996363463 -15.293729935859343 44.92834063763551 20.464316074377933 1.4132385519940562 -7.046703355375968
145 1305 0 0 0 -15.880618848773773 -4.262196676552922 -15.226047560479424 44.803104898051316 20.743348577514062 1.5549651528824076 -7.683538722668455
146 1314 0 0 0 -16.154928211214674 -4.374204567882085 -15.300333126596211 44.92357178550976 20.43861201877045 1.4538007771176933 -7.138141360866253
147 1323 0 0 0 -16.185263618757816 -4.259560635256153 -15.283941874733406 44.96575354880054 20.404206633526893 1.5727935676418712 -6.986641388220373
148 1332 0 0 0 -16.421314541943982 -4.231003931423631 -15.40171441088147 44.95530446323204 20.353946244256676 1.5853042314190704 -6.488084257671803
149 1341 0 0 0 -16.578856861399814 -4.0810343667435935 -15.433774286338448 45.02467561549863 20.174951641221362 1.7442985953667198 -6.118597166780463
150 1350 0 0 0 -16.689723555388813 -3.9546826833588913 -15.55072789124191 45.10524037799041 19.91427391002295 1.8639890539738821 -5.864567618357634
151 1359 0 0 0 -16.45782332645286 -3.7333739432295143 -15.421454733141179 45.1519832914554 19.93816461474387 2.073881943216112 -6.203769853080599
152 1368 0 0 0 -16.35565666187806 -3.7739635038184765 -15.548058397361181 45.15229494445195 19.806329653107824 2.0533763425696443 -6.150992632128907
153 1377 0 0 0 -16.574154004442526 -3.6836522530219415 -15.659841109387052 45.326400575426156 19.409536866201346 2.1103087009240395 -5.452330336857731
154 1386 0 0 0 -16.843996273477117 -3.502120480329326 -15.642396803705635 45.62314077861588 18.82420732349625 2.2844738663560635 -4.618086214461875
155 1395 0 0 0 -17.1443611792901 -3.3982373933652132 -15.830399071385951 45.80808192121903 18.313445768776138 2.3670940691854594 -4.110383826984257
156 1404 0 0 0 -17.106452125219526 -3.5192979367618213 -16.01745916016229 46.03989363036095 17.69405655601293 2.2883373008856243 -3.544200341968912
157 1413 0 0 0 -16.943169108569165 -3.4520614111012757 -15.933258617202954 45.952304269786204 17.96380371645131 2.360718922547645 -3.8469356575548117
158 1422 0 0 0 -16.71664227228028 -3.204850210454159 -16.07918281326762 46.08008949376931 17.537558736876107 2.6235708926725123 -3.811612563362876
159 1431 0 0 0 -16.68744697454259 -3.4012014852243366 -16.44909865704582 46.201087206125344 16.931922022679913 2.4198206079351774 -3.8761108640938153
160 1440 0 0 0 -16.97926558890254 -3.427832223741975 -16.743561753160677 45.96574970360677 17.10118280304035 2.358243719377394 -3.8415123452129523
161 1449 0 0 0 -16.539437552536278 -3.359376696853893 -16.66626906794545 46.28281901426061 16.540872771957208 2.399598626995291 -3.6182920486326178
162 1458 0 0 0 -17.195442466472986 -3.0984919688040966 -16.790084209792205 46.35167181109124 16.319648371068887 2.6857719789680727 -2.621216956851258
163 1467 0 0 0 -17.08941800094031 -3.3187506361260746 -16.32807467771208 46.2040130824303 17.052299799972403 2.473512214774707 -2.9467110505322003
164 1476 0 0 0 -16.880726164207474 -3.396022366950448 -16.57213609680072 46.44945070740841 16.293677538417818 2.384203241672842 -2.661676022263588
165 1485 0 0 0 -16.741369757570396 -3.695829196107161 -16.752855362167853 46.58778916897998 15.831709096879122 2.0909090207804817 -2.613830470719576
166 1494 0 0 0 -16.741841839482916 -3.4040958351576305 -16.595820029145465 46.46857356033796 16.23490810895412 2.382957433029572 -2.481024916494229
167 1503 0 0 0 -16.601160543452686 -3.4515504508533703 -16.638725212520036 46.56194460196792 16.01534057572865 2.3272091744771783 -2.3685291603901497
168 1512 0 0 0 -16.309163165936365 -3.7455370166261743 -16.585311732199976 46.559095657525475 16.06294874003391 2.046260176810237 -2.65002930661502
169 1521 0 0 0 -16.15730051004488 -3.74880535975503 -16.629160192279898 46.51592059545258 16.1187614313584 2.0423632650824715 -2.8172357251990907
170 1530 0 0 0 -15.884789473995626 -3.776521308182873 -16.553771017368494 46.41978459194023 16.388642917717387 2.027349344057998 -3.000434703555564
171 1539 0 0 0 -15.934666631218306 -3.7970911131223106 -16.494367292363474 46.23686744226144 16.810705186476856 1.9765806476608097 -3.088419599093634
172 1548 0 0 0 -16.48080732446961 -3.492376063180617 -16.637256523924545 46.15205758558606 16.84767654279663 2.3005937407049166 -2.716109744454057
173 1557 0 0 0 -16.67933703088985 -3.3270265532124625 -16.71521270079415 46.246859254422006 16.59315683233835 2.471494599838621 -2.053021263008864
174 1566 0 0 0 -16.560347679918408 -3.4876558968117584 -16.633507246033645 46.20292039607926 16.75479198190975 2.3105009543215664 -2.002873554202355
175 1575 0 0 0 -16.66154060671043 -3.3876952656212205 -16.579646457689176 46.2472684898921 16.72734997521283 2.401027988382673 -1.523813301336587
176 1584 0 0 0 -16.90278637025068 -3.264998868719589 -16.440914048573156 46.33935262014403 16.680550406085114 2.5385468360315606 -1.500736828015748
177 1593 0 0 0 -16.534272871224424 -3.362152372521465 -16.336455501081677 46.39815065770015 16.651840709060217 2.4499507613172797 -1.5094197414585953
178 1602 0 0 0 -16.6354785256565 -2.971687994643236 -16.430844083351424 46.5863108023503 16.19457155587354 2.8373151375893775 -0.9174199320268155
179 1611 0 0 0 -16.791687228047838 -2.9900297978596995 -16.280537760737243 46.534461165545544 16.446668208294295 2.8092903921899004 -0.9365260230145765
180 1620 0 0 0 -17.0769468279157 -2.939915351711519 -16.245817503915156 46.669132499950805 16.22620137044773 2.86187497544169 -0.38185063252000484
181 1629 0 0 0 -17.251498800246484 -3.0130153139182525 -16.155794259385814 46.86650149403594 15.908256323386087 2.798394872546759 -0.01474330651537864
182 1638 0 0 0 -17.56985326181142 -3.149509159066648 -16.141133030305806 46.62893497651884 16.399515568424476 2.6509369288329094 -0.3428520238216015
183 1647 0 0 0 -18.10103599167951 -3.19225853050649 -15.99684657197601 46.86606659156276 16.070557464025544 2.612169893663249 0.45891277052539214
184 1656 0 0 0 -18.42525327091135 -3.066750739761545 -15.709828691786727 47.19600869425214 15.693492498553622 2.7403945142568427 1.42054596056988
185 1665 0 0 0 -18.82946863516247 -2.941714125715962 -15.452012094550485 47.509283731639975 15.323867958279687 2.8525491623440553 2.5458620804534506
186 1674 0 0 0 -18.665764720864903 -3.1059289785766304 -15.673582454017557 47.28621854023081 15.547303538480545 2.6913534492146773 1.56132282692837
187 1683 0 0 0 -19.509717804008503 -2.9213763784270093 -15.577231650762139 47.50395001043064 15.211839034894334 2.876183360601314 2.1318104755191256
188 1692 0 0 0 -19.699154003634437 -2.9660772187813684 -15.273130219074655 47.75979839702404 15.010327804262136 2.833054734827066 2.54380141764291
189 1701 0 0 0 -20.081803943605962 -2.9003208870806336 -15.370744324559048 47.77769445143288 14.867441905613054 2.896294870400984 3.2960757482741068
190 1710 0 0 0 -19.455676598296034 -2.9643346239112938 -15.520576035654349 47.590426795019894 15.089774074627858 2.828391997689196 2.155520458906264
191 1719 0 0 0 -19.319451673903774 -2.9973627516134793 -15.698137530691785 47.42662067704604 15.242652066434873 2.8030983352440955 2.011702087452151
192 1728 0 0 0 -19.3541907257125 -2.8827604634105612 -15.920304293089748 47.21318559021371 15.448055675920457 2.9132915731190323 1.7646805498696216
193 1737 0 0 0 -18.951739266702816 -2.9644171837931 -15.867271656430262 47.206857159588736 15.511454595045045 2.8297196478102293 1.5202910586287315
194 1746 0 0 0 -19.008987893295572 -2.988516025496989 -15.736990941203949 47.27589893825857 15.505927978190961 2.8065774656086604 1.5146212156340944
195 1755 0 0 0 -18.985453925594708 -3.014142938511435 -15.725824364874061 47.19834988445295 15.673638607059983 2.780439488955361 1.3989275663140632
196 1764 0 0 0 -18.91044822354482 -2.8965102308631803 -15.831690411251076 47.13581466000225 15.694958080661477 2.896685043702321 1.219689432713957
197 1773 0 0 0 -18.838723491049734 -2.9186441856228384 -15.913191364681383 47.027084230585295 15.832734055838005 2.876843183960561 0.9664093176679761
198 1782 0 0 0 -18.830877595366292 -2.920679346756507 -15.820237926582504 47.1101525580087 15.755769822136315 2.875526355703405 1.019837661873941
199 1791 0 0 0 -18.66469195971308 -2.8999557538971823 -15.831775099385755 47.06163886805593 15.84085437920723 2.8981356270409946 0.907640431454665
200 1800 0 0 0 -18.614390646646836 -2.884558495225545 -15.915323795334738 46.97216466667009 15.937246401530503 2.9097013826216886 0.8324016670977861
201 1809 0 0 0 -18.470650249037718 -2.9134984905169587 -15.952425632037333 46.92997095094856 15.984228205728796 2.8825678826345484 0.8698849280377483
202 1818 0 0 0 -18.473043804110713 -2.914073207456244 -15.938226869556857 46.92155933818037 16.015792229995867 2.8822147798363345 0.8770218148970026
203 1827 0 0 0 -18.37365174471871 -2.906703185878883 -16.06061673673962 46.81019513060429 16.11768390200108 2.8887616013004878 0.574477602221437
204 1836 0 0 0 -18.35250099136475 -2.887504026849765 -16.097393105628377 46.768685248945765 16.16261391910896 2.909672838178493 0.5533008282664413
205 1845 0 0 0 -18.415778241738074 -2.869474893756955 -16.121077600783774 46.767671457482834 16.140097573752563 2.927647772720942 0.614450283341835
206 1854 0 0 0 -18.27899315701393 -2.909814370731829 -16.162963853381157 46.722045184436716 16.190743016149806 2.886897838444636 0.4620024924480629
207 1863 0 0 0 -18.207537505114363 -2.9156474223850384 -16.246446891446627 46.617413403544724 16.315586429036674 2.8811366314758233 0.22914899161499117
208 1872 0 0 0 -18.103108867280174 -2.9369325714018535 -16.285618619197773 46.53887209493368 16.433217627677898 2.8599006557613236 0.05224863697345647
209 1881 0 0 0 -17.96443135934771 -2.9199754989794218 -16.354103151586795 46.46972945172752 16.50271014113663 2.8772315786244835 -0.14594510275714284
210 1890 0 0 0 -17.99722802422238 -2.9073413466286038 -16.350722344647618 46.50275460172709 16.439685555932193 2.8896497061373116 -0.16390076590667793
211 1899 0 0 0 -17.81623734006628 -2.911829278545119 -16.45907951552887 46.38525952074957 16.566564840630612 2.8857791176085903 -0.4558030911321661
212 1908 0 0 0 -17.652816323719865 -2.9572252902024165 -16.54194402143712 46.339051676023914 16.577885562985873 2.84079205910655 -0.6763456035123409
213 1917 0 0 0 -17.638707166617277 -2.9084720196309495 -16.577704063521125 46.27644089881077 16.666816612653186 2.888207529235847 -0.7788062336801793
214 1926 0 0 0 -17.419247064632795 -2.886369546069462 -16.672460526618202 46.217733361777015 16.68943114652994 2.912004381731852 -1.0914141458887399
215 1935 0 0 0 -17.311281495389956 -2.9077126871366645 -16.739619447546264 46.14704591175936 16.762349616968976 2.891322491238735 -1.2750312559916617
216 1944 0 0 0 -17.174891515543106 -2.8771714039597516 -16.727453655477504 46.15499839586585 16.75901470287112 2.9210616002873864 -1.3801342853221654
217 1953 0 0 0 -17.010233837889515 -2.9080305890792055 -16.80565939521112 46.05419557978633 16.88319671857902 2.889167844537926 -1.7761867826426263
218 1962 0 0 0 -16.770306961084607 -2.857586650142647 -16.977738457093974 45.8831162979765 17.053285681156446 2.9406358039741987 -2.217501905609018
219 1971 0 0 0 -16.648276994863654 -2.8927979733015174 -16.99579092773873 45.86896650303908 17.06345843073216 2.9052689939650045 -2.3938009043115422
220 1980 0 0 0 -16.517928417344606 -2.8911312333336516 -17.127468878684585 45.73861042557316 17.19100953644223 2.906701228142976 -2.661814529191024
221 1989 0 0 0 -16.300516291033198 -2.9242168893180396 -17.254071881860387 45.617597386895426 17.307459760108543 2.873087138323355 -3.0606562804354303
222 1998 0 0 0 -16.18905129279227 -2.8740543347143155 -17.410801264423274 45.467098114681484 17.45207781529085 2.922518040730315 -3.4979206149172466
223 2007 0 0 0 -15.82035815941979 -2.8993619104910757 -17.643213941292 45.25540070915685 17.64250477939045 2.897178408518475 -4.288217144082715
224 2016 0 0 0 -15.29958913823575 -2.9382593087943456 -17.95058121363366 44.991285843239055 17.864081434302122 2.859661447988489 -5.0369724535887554
225 2025 0 0 0 -15.153196256873404 -2.8837787403340536 -18.10388831272018 44.81064752941939 18.070624389214586 2.911944878953884 -5.46190611763747
226 2034 0 0 0 -14.613816692572506 -2.901205787912799 -18.455715462027637 44.43844191700256 18.46455332551618 2.895037132301049 -6.5058214032485155
227 2043 0 0 0 -13.965072267796835 -2.9230398923939656 -18.798247487072793 44.09247521222606 18.813855145089253 2.874233958539274 -7.33132329236136
228 2052 0 0 0 -12.708532123138331 -2.938660768589076 -19.612978726030246 43.277822208692186 19.627436919025964 2.859229457516354 -9.730435989066464
229 2061 0 0 0 -11.99856845000868 -2.882239809863047 -20.103102882833998 42.810665671684156 20.074567432547465 2.9137935550870684 -11.206008020647506
230 2070 0 0 0 -11.801453424354191 -2.922739656752517 -20.471094476474924 42.43546693366185 20.457630330213558 2.8732676764464085 -11.949585061595503
231 2079 0 0 0 -11.49960514481463 -2.8695215461581283 -20.74651555479701 42.15793498538453 20.73659938017581 2.927020422640959 -12.782098830938931
232 2088 0 0 0 -10.845049919847911 -2.8547563850201687 -20.931448006937067 41.96404888691616 20.938574645896402 2.9433132853780415 -13.613206439838484
233 2097 0 0 0 -10.311252239138167 -2.9014960214151446 -21.41781747018147 41.46119912607698 21.457068409208667 2.8964132642804286 -14.932827057898136
234 2106 0 0 0 -8.729459007925772 -2.908394430750777 -22.382502081471845 40.50359645256289 22.40945004191898 2.8893222273303993 -17.57862336850737
235 2115 0 0 0 -6.841537266392359 -2.9212694938125083 -23.734818826097104 39.19744278020336 23.66801743977773 2.876834629539289 -21.070366894901248
236 2124 0 0 0 -7.311127474375465 -2.855375033453467 -23.455461467601413 39.456448460011 23.428353729970716 2.9412848193292556 -20.667986379901897
237 2133 0 0 0 -8.742216450051824 -2.903543481180301 -22.66843676723309 40.23190324594497 22.6647074608897 2.894018596960734 -18.00547740886277
238 2142 0 0 0 -8.29835317835177 -2.880548560022436 -23.0647543717119 39.799746889351226 23.134384540894857 2.9167249410078773 -19.19744924539821
239 2151 0 0 0 -6.35085328378161 -2.8879310857720593 -24.248357225009656 38.60833168667608 24.333139661622415 2.9076554153757592 -23.04658845705205
240 2160 0 0 0 -6.840822395485057 -2.881736939229945 -24.145707742605673 38.74493208693712 24.162381086169326 2.914024349366641 -22.37751864102039
241 2169 0 0 0 -5.378085332142128 -2.865054239987791 -25.026252753482428 37.90196010350569 24.968321469526508 2.9306551861047283 -24.992148002295398
242 2178 0 0 0 -5.4741862865026105 -2.8965990816180356 -24.83648065694909 38.07612372819345 24.809397320734753 2.900688393309883 -24.681094605436673
243 2187 0 0 0 -4.8540148368540335 -2.902216663249218 -25.24251356623256 37.66718234127545 25.220562176725192 2.894916948673309 -25.922348044006142
244 2196 0 0 0 -3.6662162180402897 -2.8809155321889484 -26.046953631177207 36.875671188363796 25.99945966198548 2.915964618215769 -28.39103207201051
245 2205 0 0 0 -4.365518341771876 -2.871349696189431 -25.65184043071074 37.23439856345203 25.676760477919593 2.9245744666618303 -27.317210578893402
246 2214 0 0 0 -4.5932647596670995 -2.8792809715499557 -25.528450375071287 37.37261368295108 25.52420423718638 2.918083936158797 -26.751728659293857
247 2223 0 0 0 -4.085989587234165 -2.8931483091840264 -25.782559616375217 37.09561254673871 25.823928002628413 2.903997137910446 -27.570292571837264
248 2232 0 0 0 -2.775615510698976 -2.8949019401059903 -26.663272079601477 36.231742694118914 26.67137220933367 2.9018250866997195 -30.230305540571585
249 2241 0 0 0 -2.5537418882190925 -2.9082746968875837 -26.911737360082387 35.98588507423474 26.91380690073057 2.8890514432516134 -30.76264099691003
250 2250 0 0 0 -2.0905403066184687 -2.89601365662993 -27.12629078497247 35.77362664956257 27.124745092572546 2.9014234850805294 -31.46420712095669
251 2259 0 0 0 -1.4914396649288193 -2.9096959726171048 -27.493938337432958 35.408082604710685 27.488146683336037 2.8873166973013777 -32.54866217429936
252 2268 0 0 0 -1.8223351827622551 -2.903997293596047 -27.32485005686403 35.569484029716186 27.33386174286084 2.8928370748376593 -32.024202865338935
253 2277 0 0 0 -1.1924958730593098 -2.89153244228826 -27.75929198108675 35.13891802798114 27.76017263498878 2.9052200262602113 -33.241896650435
254 2286 0 0 0 -0.7782144129028001 -2.8947888194794538 -28.040911987425687 34.86248575908033 28.031510311912854 2.9022878840204975 -33.99115256353619
255 2295 0 0 0 -0.8287362354331009 -2.900844154505615 -28.012338022111983 34.8894460054908 28.006486810211733 2.8964178307689408 -33.932649495531095
256 2304 0 0 0 -0.7684951011458196 -2.906855090716265 -28.037261849444082 34.865939808475886 28.028776387136567 2.8903150730366676 -34.07614761993526
257 2313 0 0 0 -0.4594396660607012 -2.9072240379116057 -28.249578158574447 34.64889959364101 28.250205105560234 2.889918569360315 -34.77843446584311
258 2322 0 0 0 -0.2809845674475999 -2.898510829453163 -28.33311215510404 34.564195760588746 28.336020866995323 2.8985639731385966 -35.09960400344743
259 2331 0 0 0 -0.15584678099152655 -2.897306338137699 -28.416743586595175 34.48605978137425 28.408537544880847 2.8999072221092477 -35.24762054381257
260 2340 0 0 0 0.04754746942201418 -2.90086925041606 -28.6135624023277 34.29046600681277 28.603065739008617 2.896332469567777 -35.66178822107475
261 2349 0 0 0 0.6068349584200964 -2.9080000157553805 -28.95820713023788 33.94492408491096 28.94917132946051 2.889198314636313 -36.660614986370724
262 2358 0 0 0 0.7633315867009539 -2.906867320934311 -29.055268194905814 33.841671530056466 29.058569969721958 2.8903125920784896 -36.991856787992106
263 2367 0 0 0 0.46001999089987 -2.9028071475372315 -28.87375063636909 34.02368190970067 28.876090525329293 2.894453198879422 -36.507839328402596
264 2376 0 0 0 0.7671714392470321 -2.90273152262169 -29.129233242093814 33.770887173171815 29.12620323990545 2.8946824061354146 -37.110650063355855
265 2385 0 0 0 1.3262478973636733 -2.903594800397056 -29.47706668194072 33.42248416059786 29.47515140809366 2.8937766703506633 -38.108952228474934
266 2394 0 0 0 1.2126711112698463 -2.8986165285716132 -29.46423335733949 33.43524625905435 29.462581063082 2.8988695715701382 -37.883721219515834
267 2403 0 0 0 2.1118326395334357 -2.899829691311823 -30.12046685336345 32.778703881880666 30.119412394343108 2.8977084456011917 -39.60512263585878
268 2412 0 0 0 2.615964859926625 -2.9027118920922375 -30.448394723957037 32.450117486316636 30.448753238729747 2.8946437685530197 -40.53579796656411
269 2421 0 0 0 2.8194592246065104 -2.8992492864327577 -30.59791771600414 32.30080988290864 30.597828786846538 2.8977456376003614 -41.122129801670496
270 2430 0 0 0 2.486200123713524 -2.898088993192968 -30.437914282803554 32.46035423178013 30.43876179210322 2.898956406022359 -40.56874354126728
271 2439 0 0 0 2.790121000924519 -2.8963347083708246 -30.70570658620289 32.19089857657913 30.70985764447115 2.90108942970312 -41.19627016973563
272 2448 0 0 0 3.8956773364505644 -2.898951462086113 -31.434499606658267 31.46298514752604 31.436832059166985 2.898272226291011 -43.19442679881579
273 2457 0 0 0 3.973218180149664 -2.8991335896755994 -31.459066824109783 31.43905661961612 31.460215795572605 2.8980542693184868 -43.375487105495345
274 2466 0 0 0 4.2986864313619355 -2.901966556158525 -31.745211619103138 31.153682624517366 31.744700836220332 2.8955241678137025 -44.00683763798202
275 2475 0 0 0 3.943352971120662 -2.897857370675048 -31.575683487831515 31.3228744068301 31.575779354195205 2.8997157029722325 -43.44366891141272
276 2484 0 0 0 4.443764221073308 -2.8973553494154487 -31.935541989941893 30.963825972978853 31.934024740869628 2.9002253511614713 -44.374835394967654
277 2493 0 0 0 5.299789454969684 -2.893531107884817 -32.504550118352455 30.395983424958015 32.50075348763851 2.903778402677961 -46.08990031647015
278 2502 0 0 0 5.3962429382129375 -2.8954487608731037 -32.699512938321995 30.199836094008905 32.698063003541414 2.9019831131533844 -46.531550054757474
279 2511 0 0 0 4.472072209810576 -2.895698410047685 -32.009130071690365 30.88789828978309 32.012291952505564 2.9016844941523727 -44.66356214478332
280 2520 0 0 0 3.98815971273508 -2.89980114182771 -31.636160827106263 31.26133551882421 31.638411042720612 2.8974722557922408 -43.70332411261538
281 2529 0 0 0 3.9352204244822087 -2.8979114807582853 -31.5850943675105 31.3136740918943 31.584936612536097 2.899378075140504 -43.672583353026745
282 2538 0 0 0 4.0808238362497535 -2.8907991258072823 -31.675476424140268 31.22368275907784 31.674574885919345 2.9065678455277446 -44.03902736400197
283 2547 0 0 0 3.453406313952973 -2.8996315230980416 -31.146737384703158 31.752125718560524 31.14642019803285 2.8977024337841657 -42.641104119379236
284 2556 0 0 0 3.3866982807328725 -2.9024151640184033 -31.15805780191132 31.739571527943735 31.16020422230514 2.8950158612461148 -42.55229633104433
285 2565 0 0 0 3.5247507193879284 -2.9015109183117054 -31.254973859933216 31.643148989243638 31.256153633921517 2.895796887264451 -42.787244437239465
286 2574 0 0 0 3.724679102312661 -2.8987006552975476 -31.461634103049356 31.435977847340034 31.463753822891608 2.898595824069782 -43.24992500846742
287 2583 0 0 0 3.8511992926398655 -2.9009821867845673 -31.524205370629783 31.374109634591324 31.524927993573662 2.8963555964452317 -43.365945902295415
288 2592 0 0 0 3.424857194203303 -2.897766301994185 -31.21585326138722 31.683462980132596 31.214593039935465 2.899591001457166 -42.47674465953308
289 2601 0 0 0 3.450236183015196 -2.898844285865811 -31.217306477032885 31.68284374719711 31.21436772569105 2.8984460997693398 -42.551845158896796
290 2610 0 0 0 3.628668620166306 -2.896030158723514 -31.32236114692393 31.577205198297012 31.320601234384498 2.9013385247128913 -42.86295545402809
291 2619 0 0 0 3.604791367491004 -2.8967172547611444 -31.30786455204381 31.591875496450292 31.305702752427024 2.9006260875814527 -42.79603211478219
292 2628 0 0 0 3.3932535383313778 -2.898640427593216 -31.162023071653255 31.736258278140483 31.16282035757379 2.8986957594996987 -42.35751457907355
293 2637 0 0 0 3.5598991302004657 -2.898547152217192 -31.31789836277553 31.579957466633054 31.31959365045599 2.898793175440083 -42.7457275237538
294 2646 0 0 0 3.786212932811285 -2.8985846217914135 -31.509290962911212 31.389731721193286 31.50862530973275 2.898741985696438 -43.23596700972626
295 2655 0 0 0 3.8541361235812666 -2.9004190046973464 -31.54526887357026 31.35364373680612 31.54485479409807 2.8969240907203213 -43.34267856927815
296 2664 0 0 0 3.890140686313749 -2.898267784534101 -31.551108926048947 31.347263819468505 31.551715377328968 2.8990587118319553 -43.385450890599394
297 2673 0 0 0 3.7605894291554365 -2.898443724822539 -31.469784611172024 31.42846740009619 31.47059616314289 2.898908433606396 -43.17932664317122
298 2682 0 0 0 3.6551330267506366 -2.8985149033925315 -31.402852986904886 31.49538197606098 31.403738191260622 2.89881649535813 -43.00524545518795
299 2691 0 0 0 3.6543095687444014 -2.899205846254612 -31.421736605268293 31.476463648303763 31.422681809296076 2.8981488703101226 -43.04494169902965
300 2700 0 0 0 3.6075355989640117 -2.8986292478735427 -31.383808614300918 31.514591937883505 31.38435358111542 2.8987255009257518 -42.95405349420146
301 2709 0 0 0 3.530163277935554 -2.8995229265802935 -31.32408507121226 31.574517661826984 31.324233662610883 2.897818842670295 -42.7921583223012
302 2718 0 0 0 3.6139393943106226 -2.89943217033488 -31.41793454001941 31.480291458578595 31.41884343548263 2.8979413199850668 -42.99935319448773
303 2727 0 0 0 3.6661521022285624 -2.898117103062314 -31.460231543925417 31.438120189144588 31.460868014089485 2.8992394544601257 -43.123088963195336
304 2736 0 0 0 3.661562648335712 -2.89885878544378 -31.44695741489975 31.451405606076733 31.447578758161693 2.898510309464166 -43.09144532852134
305 2745 0 0 0 3.6726394684516634 -2.8987693613635668 -31.437227312646947 31.461507200840373 31.43711194817299 2.898585607972905 -43.10948042868837
306 2754 0 0 0 3.668606765745119 -2.898459173373033 -31.419012224268045 31.479781320688083 31.418772799012476 2.8989008241694263 -43.072935366398426
307 2763 0 0 0 3.739692906244729 -2.8988872343174084 -31.47053483389748 31.42800837297809 31.470792986504133 2.898484857285693 -43.198399353476695
308 2772 0 0 0 3.755363614100058 -2.8988476582899296 -31.468636058232885 31.429964729610585 31.468788096306312 2.898514851821875 -43.23351314254006
309 2781 0 0 0 3.7660769402100778 -2.8986086238969135 -31.45983237905425 31.438752632436625 31.460010551898122 2.898750858025414 -43.23195116532534
310 2790 0 0 0 3.80946006019454 -2.898985320378214 -31.495502940985418 31.403070186025474 31.495707921170844 2.8983778066742056 -43.33363642215176
311 2799 0 0 0 3.782134945144037 -2.8990507779330885 -31.472646413512315 31.42611298163699 31.472476133502752 2.898314657055818 -43.276319426035336
312 2808 0 0 0 3.748465542345113 -2.8991579170034325 -31.443494364862435 31.455232073487057 31.44339514881042 2.898205718910958 -43.20854849046639
313 2817 0 0 0 3.7546006568136163 -2.899007876841594 -31.4336315728927 31.46494175169542 31.433848902443426 2.898352545501846 -43.215830251358895
314 2826 0 0 0 3.735783962857307 -2.8990302816595985 -31.427708861530814 31.470820779141714 31.428008338241483 2.898335468210565 -43.178012615240704
315 2835 0 0 0 3.773293658003769 -2.8985571537570665 -31.446438338551804 31.452080496357016 31.446755492280126 2.898812703451357 -43.22008474059025
316 2844 0 0 0 3.754401235281815 -2.8988180400046106 -31.434237718245832 31.46434389831018 31.43443172019868 2.8985431884278037 -43.18715928389192
317 2853 0 0 0 3.801094951045839 -2.8986264114681184 -31.470102895978407 31.428502766177644 31.470248235805602 2.8987356586597928 -43.266801468107886
318 2862 0 0 0 3.7838635748273575 -2.8987882097693904 -31.44352366728738 31.455132227328455 31.443568188063676 2.8985708453273933 -43.2281783935022
319 2871 0 0 0 3.7714557832078652 -2.8986143883820787 -31.450702526989584 31.44803987618185 31.45057670241257 2.8987454005645477 -43.217162260881175
320 2880 0 0 0 3.801584646943622 -2.8985911459163485 -31.463473842407286 31.4351774256567 31.463536060186804 2.898771708568481 -43.25944319369269
321 2889 0 0 0 3.7863197445928196 -2.8986671693763104 -31.45908175943594 31.43967933128366 31.458920913990195 2.8986987005604243 -43.23867988569388
322 2898 0 0 0 3.788694269450391 -2.898612335300933 -31.454416226990404 31.44433990364282 31.454269807220832 2.898749748513934 -43.225554101441446
323 2907 0 0 0 3.7886451394847107 -2.898605045746882 -31.452280953034226 31.446437529788582 31.45220522570604 2.8987538202234426 -43.227977167192996
324 2916 0 0 0 3.7928877654496014 -2.898625533551521 -31.453736272876228 31.444938597332083 31.453749254014344 2.89873337714467 -43.2318232993377
325 2925 0 0 0 3.791414147928364 -2.8986790240917903 -31.449310063035444 31.44934639815431 31.449359984477773 2.89868188175882 -43.2297152706488
326 2934 0 0 0 3.778830636624613 -2.8985944846674245 -31.439548987643953 31.45915022475514 31.439513546254712 2.898766291449676 -43.20994806963372
327 2943 0 0 0 3.7858609293827383 -2.8986869705587455 -31.44584831270504 31.45281413118866 31.445884932691186 2.8986747624990934 -43.22333962745355
328 2952 0 0 0 3.7894722052406817 -2.8986854913723894 -31.454388705896132 31.44427492969869 31.454423009970473 2.898678100340584 -43.231232248553425
329 2961 0 0 0 3.792148697056205 -2.898692272087665 -31.453438323093444 31.445204765110148 31.453513229279118 2.8986709867807927 -43.2292614003658
330 2970 0 0 0 3.7930249883922826 -2.898665512800106 -31.456318110751734 31.442339580998624 31.456363382252796 2.898696117839336 -43.23204406269275
331 2979 0 0 0 3.7976082120395307 -2.898693900377347 -31.45547430116975 31.443185056704966 31.45551678781587 2.8986677823227662 -43.234009258358505
332 2988 0 0 0 3.7938760148945816 -2.898708257090893 -31.452131335161436 31.446545473561727 31.45213916948763 2.898651575115599 -43.22647817742813
333 2997 0 0 0 3.8010545509447295 -2.8987006995965356 -31.454854115476476 31.443815225892088 31.45487685911563 2.8986597033329855 -43.23471996794862
334 3006 0 0 0 3.7962584477886367 -2.8986981736418693 -31.452507133800584 31.446159301453005 31.45253568625715 2.898663163460351 -43.22741045175504
335 3015 0 0 0 3.7893024285417454 -2.898673212421121 -31.448735849310832 31.449932663303553 31.448760852273423 2.898688661177758 -43.21580593921039
336 3024 0 0 0 3.791424819182629 -2.898654035959903 -31.451090527651882 31.447588729892722 31.451093689064415 2.8987085338880063 -43.22152347246968
337 3033 0 0 0 3.7954788304451923 -2.8986642876079367 -31.45429985822936 31.444377721911707 31.454306436439165 2.8986987517791727 -43.22736662237891
338 3042 0 0 0 3.793237608389995 -2.8986735242049155 -31.452217129522488 31.446467883693934 31.45220952569216 2.898689371981083 -43.22243471046015
339 3051 0 0 0 3.7908438096178987 -2.8986821302657386 -31.44888163592354 31.449808706699134 31.44886429412229 2.898680479328583 -43.2161631607269
340 3060 0 0 0 3.7931754355647223 -2.8986937991902617 -31.448605833542672 31.450084756758347 31.448588302043007 2.8986680145616806 -43.219116574496184
341 3069 0 0 0 3.7929737847237877 -2.8986983048794976 -31.450237121292922 31.448458324851245 31.450209750974647 2.8986641735909777 -43.21851768675719
342 3078 0 0 0 3.791616842269265 -2.898700841012003 -31.448666213675608 31.450023476371886 31.44865014903981 2.898660903465443 -43.215394945218705
343 3087 0 0 0 3.7928741427692154 -2.8986949539614697 -31.451311312242716 31.447372812002236 31.451306390544964 2.8986670929430387 -43.21731846675057
344 3096 0 0 0 3.7942524226493135 -2.8986886636296543 -31.451279344409123 31.447405809114013 31.45127207904003 2.8986739149772514 -43.219125853299516
345 3105 0 0 0 3.791168527326416 -2.8986777649042095 -31.44900037960085 31.449679346325688 31.44900373914549 2.8986845356872766 -43.21420547970626
346 3114 0 0 0 3.791112991851791 -2.8986748738487593 -31.448943075071025 31.449739637266532 31.448940467932495 2.898687608353631 -43.21573262804097
347 3123 0 0 0 3.7921180335819735 -2.898678296999589 -31.449743871704044 31.44893582767133 31.44974726493024 2.898684228953179 -43.21915454775604
348 3132 0 0 0 3.79104940336049 -2.8986795389934934 -31.449519309646742 31.449160370381293 31.44952238379931 2.89868312624632 -43.21898658287141
349 3141 0 0 0 3.791443326926766 -2.8986845038998017 -31.448645041858217 31.45003311538867 31.448651362730693 2.8986778658461305 -43.21785706579823
350 3150 0 0 0 3.7926685952362496 -2.8986834038989215 -31.449160289348924 31.449517274015477 31.449167779641634 2.89867896040744 -43.21908735545126
351 3159 0 0 0 3.7935458342163275 -2.898677451313087 -31.449489634787465 31.44919015899829 31.449492726318454 2.8986850066255827 -43.21934061692908
352 3168 0 0 0 3.793563519122046 -2.8986770474451635 -31.449478747840466 31.44920548402345 31.449472981215855 2.898685455765758 -43.22131505764142
353 3177 0 0 0 3.793987083272203 -2.89867684461649 -31.44992883267191 31.448754563632384 31.449924632252017 2.8986856202606934 -43.22257493085034
354 3186 0 0 0 3.7935780288010887 -2.8986773053445196 -31.450211536533637 31.448470277971325 31.450210498665914 2.8986852016183486 -43.2218508819067
355 3195 0 0 0 3.793069858824828 -2.8986761027490426 -31.449867541479453 31.44881310665908 31.44986875219507 2.8986864196008084 -43.22192394164211
356 3204 0 0 0 3.7932339388926963 -2.8986808922633447 -31.44969261016866 31.44898738834653 31.44969524311105 2.89868180613754 -43.221641381996356
357 3213 0 0 0 3.7936469284398444 -2.898685102822123 -31.449516507585855 31.449164762513835 31.44951668408473 2.898677505577732 -43.221330005126354
358 3222 0 0 0 3.7930660244753467 -2.8986815208304644 -31.449072692511873 31.4496087509543 31.449072541183178 2.8986811448068064 -43.22037476955962
359 3231 0 0 0 3.7928940112914025 -2.8986810590081147 -31.449072178742835 31.449610166113825 31.449070114962367 2.898681653934562 -43.22060449246891
360 3240 0 0 0 3.7933166339322506 -2.8986795973850477 -31.449412387330533 31.449269430408265 31.449411470643888 2.898683011913894 -43.22063938455385
361 3249 0 0 0 3.7932523280498334 -2.898679685181433 -31.449373967244593 31.44930670063126 31.449375287997825 2.898682915156013 -43.22073761181856
362 3258 0 0 0 3.792963560742371 -2.8986814849370974 -31.449270084291268 31.44941080308911 31.44927094397238 2.898681147466053 -43.220324045318584
363 3267 0 0 0 3.792880031632082 -2.898681441291285 -31.449195971410052 31.449485171344406 31.449196351918747 2.898681253223715 -43.21991167736668
364 3276 0 0 0 3.792893702475959 -2.898682766350666 -31.449416570982063 31.449264819857426 31.449416485959645 2.8986799238514798 -43.21987659025635
365 3285 0 0 0 3.7926150318389253 -2.8986831105724287 -31.4494246572105 31.449256475442073 31.449425050020363 2.8986795943987267 -43.21951802247385
366 3294 0 0 0 3.7929855921166915 -2.8986826854914405 -31.449460894469908 31.449220867265705 31.449460053883488 2.8986799457705135 -43.21995982341075
367 3303 0 0 0 3.7928170372170924 -2.898681369232749 -31.449353399682032 31.449328036196984 31.4493531884536 2.898681250435749 -43.21962368310694
368 3312 0 0 0 3.7926297803732005 -2.8986809397535813 -31.449298393255347 31.449383432677354 31.449297412900687 2.898681687391175 -43.21913588644356
369 3321 0 0 0 3.7925750507192237 -2.8986821608398756 -31.449227902581868 31.449453492467807 31.449227807690942 2.8986805068982973 -43.21860020228608
370 3330 0 0 0 3.792490980739358 -2.8986821972004186 -31.44933294548978 31.449348362930973 31.44933302841383 2.8986804714313 -43.218330477958325
371 3339 0 0 0 3.7921062670884838 -2.8986821968084056 -31.449240564076486 31.449440979751117 31.44924014321018 2.8986804918907003 -43.21787312137699
372 3348 0 0 0 3.792257237861071 -2.8986822165633472 -31.449371943640497 31.449309432367546 31.449371831093075 2.8986804488272444 -43.21846838993971
373 3357 0 0 0 3.792057780753332 -2.8986821444174704 -31.449340394116096 31.449341271607054 31.44933970377506 2.898680508142034 -43.21799253235927
374 3366 0 0 0 3.792405163123303 -2.8986821209674165 -31.44940432834775 31.44927712811395 31.449404085460845 2.8986805050276514 -43.218225165656136
375 3375 0 0 0 3.792461800921686 -2.898681306283704 -31.449411295327774 31.449270295922492 31.44941077775992 2.8986813006222545 -43.21840212091741
376 3384 0 0 0 3.7924345990297263 -2.89868189314082 -31.449423027288383 31.44925839877896 31.449422815221588 2.8986807426355643 -43.218602605875446
377 3393 0 0 0 3.792426347235915 -2.898682038051665 -31.449376141948424 31.44930511275806 31.449376294367028 2.8986805910517237 -43.21869610812198
378 3402 0 0 0 3.792300044105531 -2.898682789652739 -31.449344066857083 31.449337172736097 31.44934426521447 2.8986798395764306 -43.21870945815397
379 3411 0 0 0 3.7922375726104094 -2.898681853244919 -31.449398888365224 31.4492827650363 31.449398264157097 2.898680765255153 -43.21848937369541
380 3420 0 0 0 3.792295450828451 -2.89868162863775 -31.449339388733655 31.449342250545747 31.449338784695293 2.898680992027409 -43.21847206536504
381 3429 0 0 0 3.792217261960594 -2.8986814129051965 -31.44933843475539 31.449342973455426 31.44933827599897 2.898681219001103 -43.21848759215024
382 3438 0 0 0 3.7922576694757266 -2.898681124422148 -31.4493511702875 31.449330233298067 31.449351020355756 2.898681503440888 -43.21851069330119
383 3447 0 0 0 3.7921120905487036 -2.898681298468735 -31.449336059131603 31.449345245012783 31.449336108583193 2.898681348765768 -43.21818324031809
384 3456 0 0 0 3.7920800793309417 -2.898681592349957 -31.449333351596433 31.449347895125115 31.449333523169 2.898681048908654 -43.218109912800045
385 3465 0 0 0 3.792063844971951 -2.898681497291459 -31.449323558621256 31.449357680704303 31.449323748163565 2.898681137456427 -43.218113916057014
386 3474 0 0 0 3.792158529939794 -2.8986814022741147 -31.449328116242107 31.44935329584853 31.449327965247136 2.8986812299209426 -43.21825154648756
387 3483 0 0 0 3.7920560252215587 -2.898681198901217 -31.449318968827352 31.449362472202708 31.44931876201411 2.8986814333925253 -43.21803283648947
388 3492 0 0 0 3.7921210550880686 -2.8986810877325366 -31.449327051790103 31.449354357419836 31.449326912320284 2.8986815590549098 -43.21810924141498
389 3501 0 0 0 3.792134409339742 -2.898681153470939 -31.44932756362878 31.44935378827052 31.44932753911397 2.8986814849747824 -43.21809590314484
390 3510 0 0 0 3.792239272804417 -2.8986812153116737 -31.449351689199837 31.4493296135703 31.44935176567997 2.898681430762475 -43.21818263645359
391 3519 0 0 0 3.792246084626594 -2.898681396043798 -31.449350528698584 31.449330818365887 31.4493505060366 2.898681249640992 -43.218267947682115
392 3528 0 0 0 3.792137280485875 -2.898681404058797 -31.44933647423283 31.449344750445942 31.449336686778278 2.8986812384322795 -43.21819939703459
393 3537 0 0 0 3.7922097450097683 -2.8986813903607223 -31.44935227922344 31.449328910570774 31.44935256762692 2.8986812540575184 -43.2181660570367
394 3546 0 0 0 3.7922034911120384 -2.8986813423561175 -31.449358629140036 31.449322619722395 31.449358799146626 2.898681298953821 -43.218156789953106
395 3555 0 0 0 3.792219506482577 -2.89868134995727 -31.449358087945246 31.449323179478455 31.44935822401605 2.898681294241272 -43.21811912098059
396 3564 0 0 0 3.7922307538203497 -2.8986814180562828 -31.449355872862412 31.44932536650268 31.449356062025668 2.8986812257305896 -43.218156748419936
397 3573 0 0 0 3.792217087456895 -2.8986813889457608 -31.449355975823366 31.449325324487376 31.449356043783673 2.8986812541246003 -43.218138877463765
398 3582 0 0 0 3.7922180111524812 -2.8986812809062403 -31.449350506411776 31.449330850607296 31.449350458823538 2.8986813632027912 -43.218190386068954
399 3591 0 0 0 3.7921821405600062 -2.8986813821728346 -31.449341105536263 31.44934020926663 31.449341144518616 2.898681263837001 -43.21811734073204
400 3600 0 0 0 3.7922323420712867 -2.898681392270941 -31.449341745442595 31.44933959482625 31.4493417346051 2.898681252062078 -43.21823452186215
401 3609 0 0 0 3.792251738279113 -2.8986813981620156 -31.449345266113415 31.44933608772259 31.44934522907363 2.898681248639457 -43.21828505526898
402 3618 0 0 0 3.792293543878632 -2.898681388139302 -31.44935664258575 31.44932470621257 31.44935661651733 2.8986812588536504 -43.218336213958004
403 3627 0 0 0 3.7922468418388924 -2.8986813774208553 -31.449348377704325 31.449332968935643 31.449348354494592 2.898681268483257 -43.21824068430874
404 3636 0 0 0 3.7922012238488065 -2.8986813519071424 -31.4493444683584 31.44933688498456 31.44934443094783 2.8986812941324054 -43.218177418720664
405 3645 0 0 0 3.792173098186945 -2.8986813766765946 -31.449346138920728 31.449335232939646 31.449346063745068 2.8986812684642422 -43.21816057549189
406 3654 0 0 0 3.7922052879152037 -2.8986813227925925 -31.449349071361702 31.449332305935815 31.449348986592714 2.8986813226052814 -43.21820343435352
407 3663 0 0 0 3.792224785015786 -2.8986813362041652 -31.44935342686348 31.449327938819227 31.44935336505521 2.8986813092177837 -43.21821853799267
408 3672 0 0 0 3.792197496368391 -2.8986813224506007 -31.44934584743681 31.449335517587844 31.449345785305283 2.8986813232215547 -43.21820099117116
409 3681 0 0 0 3.792208353009016 -2.8986812972350906 -31.449343089220783 31.449338267175648 31.44934304474462 2.898681347908307 -43.21824458740543
410 3690 0 0 0 3.7921868970735626 -2.898681307613049 -31.449339784413503 31.449341556896506 31.449339769869475 2.8986813388567296 -43.218185344566514
411 3699 0 0 0 3.7921852526521445 -2.898681329627338 -31.449339507457058 31.449341830876637 31.44933950051661 2.898681315805322 -43.21816981739576
412 3708 0 0 0 3.792201530446635 -2.8986813433047147 -31.449339489549338 31.449341836260395 31.44933950775519 2.898681301870573 -43.21819687874906
413 3717 0 0 0 3.7921834303214705 -2.8986813407398775 -31.449342130182238 31.449339211817176 31.44934211812557 2.8986813038387997 -43.218168619044654
414 3726 0 0 0 3.792186389832068 -2.898681366545036 -31.449339067748916 31.449342277826272 31.449339048920383 2.8986812783803435 -43.21817779538253
415 3735 0 0 0 3.792206855579911 -2.8986813754515683 -31.449338517052087 31.44934281881768 31.449338515961532 2.8986812698001705 -43.21820512473193
416 3744 0 0 0 3.7921903111425572 -2.8986813647409906 -31.449339354641992 31.449341996688485 31.449339322375884 2.8986812807213 -43.218203676197994
417 3753 0 0 0 3.7921967565460353 -2.898681357431711 -31.4493398897861 31.449341446705432 31.449339886992547 2.8986812874370056 -43.218202701472244
418 3762 0 0 0 3.7921720524327727 -2.8986813551228865 -31.449336221223604 31.449345112705366 31.449336224129905 2.8986812893421727 -43.218167692627866
419 3771 0 0 0 3.7921721000220354 -2.8986813464813337 -31.449336484921165 31.449344842179023 31.449336501823574 2.8986812989108017 -43.218157053843775
420 3780 0 0 0 3.7921839706948086 -2.898681340291125 -31.449340573311858 31.449340757948537 31.449340581739012 2.898681305222647 -43.21817435797692
421 3789 0 0 0 3.7921816227205634 -2.898681334276959 -31.44934059875587 31.449340740494588 31.4493405914234 2.89868131098613 -43.21817301149827
422 3798 0 0 0 3.7921879551322775 -2.898681335035055 -31.449340622157262 31.44934071448481 31.44934062021834 2.8986813102560287 -43.21817954355742
423 3807 0 0 0 3.7921915754819144 -2.8986813175578034 -31.44934074659702 31.449340587335787 31.4493407500133 2.898681327439516 -43.21818388022445
424 3816 0 0 0 3.7921968436836186 -2.898681316183782 -31.449341406310285 31.449339921304848 31.44934142225125 2.898681328459245 -43.21818370694364
425 3825 0 0 0 3.7921798667135302 -2.8986813239044267 -31.449340593186673 31.44934074407351 31.449340589509447 2.8986813205101747 -43.218171798121794
426 3834 0 0 0 3.7921706506352835 -2.898681321709156 -31.449340999242178 31.449340340757118 31.44934099036723 2.8986813231343596 -43.21815919225574
427 3843 0 0 0 3.7921739982567217 -2.898681335310074 -31.44934122280652 31.449340112405856 31.449341223338966 2.898681309574071 -43.21816773547763
428 3852 0 0 0 3.7921734070980286 -2.8986813363705664 -31.449341054527647 31.449340275448368 31.44934106557207 2.898681308403516 -43.218165320591865
429 3861 0 0 0 3.7921699454666387 -2.8986813276459062 -31.449340386253294 31.44934094655682 31.44934039142281 2.8986813171120005 -43.21815625702606
430 3870 0 0 0 3.792170119966856 -2.898681325662918 -31.449340785709545 31.44934055161126 31.44934078207697 2.8986813190141976 -43.21816070375043
431 3879 0 0 0 3.7921710573387597 -2.898681325261961 -31.44934067686095 31.449340659909065 31.449340674654266 2.8986813195289027 -43.2181576062705
432 3888 0 0 0 3.7921759144268643 -2.8986813277110635 -31.449340552227802 31.44934078361834 31.449340551876844 2.898681316987866 -43.2181731670769
433 3897 0 0 0 3.7921662862725096 -2.898681329921053 -31.449340332440368 31.449341001214755 31.4493403363009 2.8986813149133783 -43.218156633225405
434 3906 0 0 0 3.792166716803785 -2.8986813279352543 -31.449340507174085 31.449340826518412 31.449340511023127 2.898681316977678 -43.218158464890074
435 3915 0 0 0 3.792160248013496 -2.89868132729895 -31.449340106524765 31.449341228906725 31.44934010690095 2.8986813175096793 -43.21815036625617
436 3924 0 0 0 3.7921580036049627 -2.898681327597649 -31.449340174960803 31.44934115917809 31.449340177957524 2.898681317148836 -43.21814982168025
437 3933 0 0 0 3.7921590920092263 -2.898681322801423 -31.44934029946868 31.449341035578303 31.44934030068884 2.8986813218659973 -43.21815059864785
438 3942 0 0 0 3.7921563670919536 -2.8986813227752197 -31.44933990328232 31.449341431866255 31.449339904208554 2.8986813219837395 -43.218144034757294
439 3951 0 0 0 3.7921584027466806 -2.8986813235137086 -31.449340448510405 31.44934088732125 31.449340448109044 2.8986813210825777 -43.218150003719444
440 3960 0 0 0 3.7921605979166557 -2.8986813235352855 -31.44934056444662 31.44934077209864 31.449340562549295 2.8986813210654234 -43.218155093006
441 3969 0 0 0 3.792158814359952 -2.8986813219295544 -31.449340520021202 31.449340815891258 31.44934051948318 2.8986813228147774 -43.21814981051349
442 3978 0 0 0 3.792158844666995 -2.8986813206044872 -31.449340467288476 31.44934086904816 31.449340465895443 2.898681324135528 -43.21814697581368
443 3987 0 0 0 3.7921607206554855 -2.8986813208721567 -31.449340522406196 31.449340812692483 31.449340523497074 2.8986813238069455 -43.21815037345285
