% # columns="iter, evals, sigma, 0, fitness, xbest" seed=856356, Wed Oct 20 14:27:37 2021, <python>{}</python>
1 9 0.233042207763314 0 2659.231037047952 -0.01259654728105367 0.7292062950413394 -0.21051616783128263 0.4405147606409342 0.0477440064123066 0.028541541274823043 0.37637701637355897
2 18 0.24989082495456413 0 2659.218566851731 0.3137755174392576 0.1993540719369245 -0.49583793501700846 0.40330645987676916 -0.1154161686222495 -0.15748602760352837 0.21825522536866027
3 27 0.30688417200082024 0 2659.2067251622766 0.7995180456786752 0.4247850959411087 -0.8655240335766998 0.021781876607999406 -0.7573971744292965 -0.06479727911801478 0.531152447555812
4 36 0.347733366157763 0 2659.143588229838 0.48161123318971155 0.36853017126707227 -0.9930846059891898 0.7884020751211398 -0.3902386745995951 0.34371841877597287 0.37529021350540304
5 45 0.45719518433937406 0 2659.0281832813557 0.20915573345446645 -0.1392111965305658 -1.4324760449031748 1.3702485077701785 -1.0429088343395716 -0.21026614940975139 0.47655443643619105
6 54 0.6441163609886963 0 2658.910919823145 -0.6405059500012564 0.673865402272637 -1.8441105357126877 2.1414803084370515 -1.1606353350629508 -1.063982828499921 0.08476046117582331
7 63 0.8598345046836433 0 2658.6946292723364 0.7755826785376596 0.18243914291726385 -2.0802063406498963 3.740119972115191 -1.3450364317555725 -0.18921330461799046 2.0490377747955915
8 72 1.1898053718081063 0 2658.2843300376685 0.21107477422073884 0.3080483484337598 -1.9988917751415403 6.291565968469312 -2.1040447920615315 -0.4517023304234442 0.4359179257970871
9 81 1.511700791787564 0 2658.107725708203 -0.4202931372775584 -0.3206651531957498 -4.616715702411748 6.482528477830789 -1.0741201262200732 -1.264109243592103 0.4194396911235003
10 90 1.7260905164471978 0 2657.9218007315458 1.027310234011724 -0.1586849606572313 -4.449959191431162 7.345690638633453 -1.7245580443924342 1.0505356221084574 4.139885060440257
11 99 2.1625384107165595 0 2657.1501363559482 3.1493655908768323 -1.873386939774027 -3.909222469134075 10.404544244095074 -3.566712724159889 0.28751083159979707 4.422738081589465
12 108 2.459108238266264 0 2656.5613800786814 -0.7677759545095939 -4.761329853349933 -4.073447641612018 13.131412960820121 -1.6557394972437594 1.7036054234712106 0.21247116570033997
13 117 2.9082105978173534 0 2656.050685298083 -2.1917621867121126 -4.230397261907753 -1.0380717140738556 15.619364609525714 -3.291881567492047 1.4385870313732112 4.880078786344599
14 126 3.295635138863161 0 2654.458988373495 1.3046185840326627 -5.995314386974954 -8.099178601747678 14.768449408387406 -5.422168513844546 -2.028421808359895 6.906199679409319
15 135 3.6585160023878998 0 2652.54472983789 -0.2341599626372548 -8.165759527631984 -6.126196055690249 18.356021015547903 -5.75473188594687 3.611727267744486 6.911745327763382
16 144 4.268425305612035 0 2644.942916268547 1.1841745007684563 -9.65394383147668 -7.454207894807693 23.560822798670568 -7.348880207194927 5.488557867693561 4.588995482023497
17 153 5.3005177940214105 0 2624.4405174363815 1.0101100667083944 -17.151767440455703 -5.63489905707087 26.497352376668385 -12.254190902476225 3.90667454155259 15.59688316649937
18 162 6.85110473713807 0 2036.6412925943814 -5.273817001604584 -20.667012068482205 -1.8676783812080013 35.64690359866308 -13.063714474099765 10.165025475310646 24.3014028413925
19 171 7.733019875358374 0 1987.9788736110745 -0.6197649549250777 -25.73735914644345 -11.276782990293677 40.29606439263519 -6.799236636118145 6.672951496624591 20.13703523922799
20 180 7.833750222428028 0 1958.7087411891057 1.8887261106401945 -21.44559783416974 -17.640096618121845 29.168444527808553 -6.951649489600971 13.635040400882641 19.340712197870136
21 189 7.822151146304062 0 2107.588601167737 8.8767934051486 -13.011043292837302 -7.825206934725763 39.98913286291949 -17.310450625971278 15.74813978603111 27.414534882489857
22 198 7.708537125271705 0 1919.4928573630596 1.1628060459142358 -15.05797854423407 -4.578129780895495 40.26668970856375 -13.68496519373095 18.13228142739083 19.8032729673998
23 207 7.011706941259144 0 2258.095420803955 8.896080802124597 -17.283110723722043 -9.168219599288562 27.32692942116028 -16.71740378490792 17.873311618957494 15.294509877419056
24 216 7.0719457151956275 0 2035.744795734935 11.736277470237077 -9.469710475864725 -2.565866205389397 45.23359037675758 -12.359715960226513 17.955903265627278 14.440848688133023
25 225 6.85881646174294 0 1868.1985451129174 4.457640815343744 -3.294593514136337 5.950629862409828 44.11325078631101 -12.744955131511613 19.885385626873322 15.634477932333953
26 234 6.969735119310009 0 1999.4641636971228 1.5421807703548547 -18.326451478843946 -6.6706522507271515 37.223502560691514 -2.094117688779514 16.959997559359458 3.8788086451491743
27 243 6.500208855464697 0 1939.335463093625 8.002952872276104 -8.704932525470056 -0.7357619440181828 41.58199400919082 -7.018192760491612 18.776906244625597 14.669104637485278
28 252 6.843536103687471 0 1900.3380974172712 11.70921262775207 -9.791273989793146 2.096306621635912 33.92855639613707 -11.853210841496324 26.203447065267476 2.719655525574318
29 261 6.369297165278192 0 2071.471020839812 10.53957262572443 -1.7338801162325108 9.162853535963361 37.83618731664547 -12.440010555106216 17.565535864530112 4.598579296039927
30 270 5.766910128745435 0 1919.1418247398005 10.215490225147297 2.868518096136569 6.14357630668213 38.70417201022474 -6.012045524502226 24.48268330858929 2.781061375704387
31 279 5.553138386542882 0 1919.1149845933248 -2.310975586032461 -12.307624623395977 7.587160478538491 37.704285787562945 -9.652714263353335 25.224745466119803 -2.2211496448554477
32 288 5.07165180156941 0 1964.3898739869585 1.7690161691553974 -14.252268542454372 3.854470154530619 41.24990293501457 -6.303761690930901 23.514683686716012 3.3343383249339205
33 297 5.43364951175647 0 2354.579487131702 15.716412179571847 -7.273034035566294 -3.737324098587302 38.8541827743559 0.6919020951194694 23.535538723203963 4.013343267860567
34 306 5.339278895219328 0 1891.0674383179621 13.849490494032267 -15.867432652896554 -1.0930393449351465 34.921612766066076 -9.467277660717436 22.852285287385072 5.662962887550044
35 315 5.476018411096316 0 2159.699522585125 22.906471283762315 -5.169725481485954 -3.85725195795191 37.951485493653344 -2.6673490249428733 29.811840578124073 -0.40442566062906193
36 324 5.3754988725580874 0 1921.1608463007574 26.08864026641983 -8.755174340906445 -8.064098558072958 35.479400713157915 2.6492275770755547 27.598886128760064 -8.287450902354804
37 333 5.1000884451287 0 1924.1836102608113 24.099308451969538 -18.692238095808527 -13.373259305715653 32.445492785872815 2.792821076682175 30.07832186656787 -10.15107220947563
38 342 5.61326425092478 0 1949.6324593530849 26.78925098712744 -18.870896562129225 -13.378466697097945 30.563021477081065 -2.8165422879477573 33.0345932470968 -9.984146867163506
39 351 6.238124023668143 0 2021.128763747246 25.181678919885535 -18.295558739526566 -9.774470103762155 28.749434507999595 7.220973975480686 35.8922940797224 -25.1023499230627
40 360 5.985469721637671 0 1932.9110264874078 14.451668776961096 -18.15420773033259 -14.773848787424217 29.876705035271236 2.993069208362525 22.734349560048457 -8.781392654791604
41 369 5.784334475757822 0 1901.8350538710963 11.235395925602946 -14.615355062702175 -14.071212751883754 33.904711045725925 9.241949111921805 25.581286397381035 -11.721860914020386
42 378 6.5311448584478775 0 1871.630389703169 -0.3408496776507626 -15.536740915683016 -10.562101881881 41.18190892916187 6.772356474262665 16.276204507568877 -6.1874333475508685
43 387 7.237896820583882 0 1890.0413178432264 5.095041732212228 -23.697899088969145 -5.974518935972088 38.29937712853248 8.623257594501242 16.087823613077354 -14.463928654719087
44 396 6.605536631161763 0 1983.2265126693992 11.199400800170393 -14.016025067011832 -13.323625002732262 40.00442071450968 5.626575860474506 19.634844141251385 -3.737778493540726
45 405 7.41663551760121 0 1892.0055339764692 12.52556440625165 -25.571812181021745 -12.730566800022064 39.547758776038535 -5.699417074883831 6.580914934259633 7.436355471321104
46 414 7.515291204567324 0 1917.3936641262594 11.756364479651289 -30.681062289321634 -7.800963264302732 32.92563006807862 9.153899570550724 16.46482855099341 -13.71836977706684
47 423 8.307745985162255 0 2213.9829333788407 -1.456021752076036 -25.934656354527856 -7.467048007625195 32.81581306194938 10.04217479804431 4.920279442349612 -4.688674236058352
48 432 8.043591753124158 0 1992.8947196770941 -1.7714820555360817 -31.195248300114116 -9.018464929739153 31.419422578157207 20.116002954148122 5.533371100276357 -22.89781794176579
49 441 7.375398647778413 0 1928.0775249906812 -1.1791454914349053 -31.100236312247155 -7.7803180213621195 27.767769355616622 9.969945917989037 13.992262749620643 -19.846361557483263
50 450 6.311730665860489 0 1949.0497960991797 12.042483071053105 -27.39276489675309 -10.782253407615682 30.804304160837116 11.650899333283963 20.961873904790586 -17.11512320001782
51 459 5.476677784672715 0 2161.805473684762 1.3662099297237011 -25.31690976419238 -9.823744898473205 34.07449992498513 13.274373045399123 17.891334359559334 -20.824810794562534
52 468 4.896050250104365 0 1888.3862000681788 6.467509405106291 -26.372127085196347 -6.155864163224372 36.95158747881515 8.52512433493273 15.846382604155528 -17.708596744267844
53 477 4.7325652832554645 0 1895.912638376873 14.411917895823773 -27.178342828956108 -9.504162172041747 33.59055954577335 7.318979959534516 19.73895886358229 -18.502559510940156
54 486 4.546215998467299 0 1888.6656867880115 2.546973945263934 -24.113844385172012 -7.71617717520008 39.921315746214475 8.566021994450038 10.681060689613382 -11.653756489361047
55 495 4.4203736145693675 0 1983.8236614971331 11.24035835441839 -27.96384596893538 -11.62722795426219 29.858440500053685 11.920186320775066 19.094388377161803 -24.60765872506701
56 504 3.9404855059786037 0 1924.4462788204114 5.2026871307614435 -27.957817585220837 -9.509892444266297 35.346151900759736 11.120186445768306 11.554375562594872 -20.660631387599103
57 513 3.799311481632278 0 1888.3185537927618 7.4860351245251575 -25.02009882547017 -10.996818384134219 34.03512089706793 12.1534519940978 15.098018201450902 -24.664107809536322
58 522 3.65756733351587 0 1881.5925341427424 3.09714137438183 -22.49903554540915 -9.359492932954787 41.36795818234596 6.056256868020376 10.027161786008971 -17.118252596730986
59 531 3.80735248904905 0 1883.0517543707504 5.452055012539085 -19.120813553374735 -7.150706106999348 40.56435251231544 8.781969811188953 15.04995426280442 -20.185209606071847
60 540 3.9309270373017204 0 1876.2711819964873 6.050043983115729 -20.053970319964872 -8.703584778002703 40.80648830724053 7.0669500720714336 14.042372301788973 -23.518041835529335
61 549 3.393178278608831 0 1885.4679206937512 8.49354675822588 -24.61060602949052 -10.123390012091049 35.527038006204705 9.634518917814606 16.00318652278029 -19.237445757970214
62 558 3.386920638270377 0 1910.6116592349317 4.828280479945459 -15.784806514388208 -9.2775718324367 42.666042987071094 8.537552127451827 13.413345408617266 -15.115666321402749
63 567 3.5228443540544663 0 1890.4183012061658 4.681885821700702 -15.29889722928263 -8.591352357401263 43.18575304214619 4.218632949507306 17.41012715576047 -9.883299808973007
64 576 3.362658841816723 0 1877.8498052468663 7.483006070514172 -18.931879456840488 -10.458697107135386 42.41083842191192 3.9849291275819843 12.90658705765793 -9.581238072298799
65 585 3.2501555640149133 0 1944.0292825290817 9.003650368793746 -18.249828792536608 -7.088881702754287 41.01877861163562 3.9686502481535966 21.064541268409446 -12.599279537898282
66 594 2.7766784991415085 0 1880.586773546338 7.402547863125099 -20.54439508195629 -10.061612880863715 39.71319037453546 4.989924361807053 16.546682423306734 -13.561917695847638
67 603 2.49491069870945 0 1880.2454373920584 3.8931844892499625 -18.944267289011098 -10.521419564099666 42.720289494188556 3.330540323361718 13.158867773465026 -9.20062624611765
68 612 2.121400149370787 0 1892.8219425580742 8.435200720127131 -20.224336014147212 -10.066998541248651 40.125656027098806 4.467889686003832 16.80824273024819 -13.893961163462826
69 621 2.0556372692099893 0 1874.236204246761 3.9026669558683156 -17.857386989684915 -9.161620581322095 42.514939891773146 5.212515159974327 14.175412915614205 -11.303599099224108
70 630 2.256765234964814 0 1872.5681065381577 5.044375701634137 -18.744841639377324 -10.389582605420447 40.86839511792672 7.707112872171619 12.826271283359466 -11.834879781667157
71 639 2.4668930790903394 0 1872.7763344385871 8.061566680424932 -17.3779750266641 -10.668214394557367 40.5686421769883 7.642197603504611 14.796944483918255 -16.307856816371725
72 648 2.6224655328149176 0 1870.1430486045092 4.211040071210823 -15.510244823245447 -11.790535715069478 39.93604043281662 8.737699768383246 15.641695127262867 -14.264701377023068
73 657 2.3740224100909613 0 1869.3092842284998 3.61535327847052 -17.523294382946403 -10.0346757675384 42.34942612388629 7.851330922173151 11.312338882840864 -12.077592226110074
74 666 2.0810320714329906 0 1872.6885946956631 5.669044479398313 -16.092584648167257 -10.627137905087906 40.86557170437064 6.679015368021587 16.458180955693983 -10.933077124676206
75 675 1.8449810607597403 0 1874.8231143280536 3.3013944263663606 -18.400702401350294 -10.810014953166357 40.632315733503205 8.301183296485085 12.447392251380283 -12.741521123140387
76 684 1.7106850056376337 0 1873.7790584001852 7.044984844131589 -17.640889722790693 -10.265807240273366 40.27596502196994 6.62023250704368 16.453800113900748 -12.039457416034884
77 693 1.687629591449269 0 1870.8935252709305 6.444602078490028 -14.262251368814766 -10.048231550695386 42.08160258867437 6.546338927690621 16.51591888103795 -9.898414879906287
78 702 1.554997899235023 0 1872.7271850566078 3.468572496746255 -16.142065770921434 -9.7073042991525 42.415841461851166 6.817274605438712 14.208359891140303 -9.149864514899514
79 711 1.5839815932861938 0 1868.8525797880031 4.068456212074895 -14.057722523063815 -10.89600789407582 41.41463715136779 8.472080130051399 15.391736027327537 -9.452362537486536
80 720 1.5701430709681914 0 1868.9352884015534 4.501743708019738 -14.70822757436229 -11.16739882103471 40.2411626810184 9.652221160895309 15.545811167335241 -11.999842671481597
81 729 1.6288441819076704 0 1869.4479515701635 3.376270752620706 -12.241854527962921 -10.70465099119959 40.80089595796376 9.936938109935658 17.08689767625547 -12.488251672590566
82 738 1.5849312269189437 0 1869.4517826518465 2.638288899906673 -11.717570043917515 -10.279160657353433 42.65871220306436 8.510024766519212 15.870864522387514 -9.098305503322614
83 747 1.6557567827396518 0 1869.274736974648 1.0997538740295525 -12.88330140195163 -11.630791177723161 41.693151001145374 10.79016128609461 13.192570883633113 -10.583352978860981
84 756 1.5530300403564183 0 1865.0909054255533 2.448783036231841 -11.817226591231446 -10.84399484003494 41.32801746634606 10.781988747330463 15.478358582749843 -12.203027132448792
85 765 1.546294082488623 0 1863.2024407754675 0.084365534441742 -11.987581879815538 -11.22412716690784 41.49474420242965 10.961852728249644 14.341562557827382 -10.734167208729893
86 774 1.5821042200356135 0 1861.2905154003033 -1.4931219825595887 -11.623404425882045 -10.668171179801092 43.70306874627102 10.251316535668014 11.4023093350452 -8.32674986816468
87 783 1.6513764751585713 0 1860.1829461824648 -1.5186976549496543 -12.58787755991272 -11.699214942029021 42.21871070982072 11.405921038358482 11.635093396593188 -8.762060990283203
88 792 1.7298731393239137 0 1855.1896476913355 -2.6025310254343403 -8.817419792628307 -12.029302109228304 42.20118887154396 13.747810059389167 12.274964870459133 -10.633553920302333
89 801 1.6805839811737755 0 1849.1650421984891 -3.846343469344813 -10.134984091401847 -11.357586776711905 42.983540176378945 13.154694821679087 11.115765885239888 -11.750672490357369
90 810 1.7242693895725316 0 1840.0908524878855 -4.499820747525114 -8.208395292330085 -11.61451586328725 42.94674116189988 14.88593171468186 11.091107645011894 -10.439381571585363
91 819 1.9242252566610372 0 1809.2111548812613 -6.681660108902514 -8.983632100751578 -12.29988115040693 43.89435833490631 15.53222230295221 7.072096448064995 -9.702693110340475
92 828 1.9995033483021563 0 1804.609504657981 -8.779016647701752 -8.873423688653052 -13.200347940616526 42.672742587335456 17.215737478698536 6.7538707663864255 -11.641793264152357
93 837 2.080499535981168 0 1812.340787634099 -9.58864740519196 -9.635979318251506 -13.060088683354005 43.38012446011167 15.346859075046412 6.781557493432236 -11.145956875658664
94 846 2.282058422328994 0 1730.433127275011 -12.747342293239454 -7.595477814636078 -12.956065777502378 44.971778780476 16.606344418680884 3.9515303827054566 -8.258767566504423
95 855 2.604980093789363 0 1450.7723763521499 -16.922186850199704 -7.307072425377353 -13.996955435733428 45.9315368847837 17.08312978753563 0.2923965252013021 -7.503621431488913
96 864 2.7176285799516378 0 1159.7363155487803 -17.275514703433423 -6.099642275489187 -16.59078288269729 43.639435968642516 19.988157202073012 1.053322418123375 -10.520636618054885
97 873 2.7449710847487143 0 964.0402408881054 -14.941253951021116 -6.588150588685765 -14.173309858343309 45.561059859882754 19.037312846817084 0.37894407584702794 -12.012900868078585
98 882 2.8049758228451087 0 718.1742548325695 -14.87484027303787 -3.844210020621753 -13.273194876791747 46.240803461811595 19.05193211374155 2.6120838508819886 -12.329495717260205
99 891 2.8431441898153618 0 608.934491679356 -17.871180336895836 -5.161252506389891 -13.657984217548112 45.892802186549645 19.650286079317958 -0.2900469893781845 -13.282878868041498
100 900 2.6494682374853906 0 1031.6456523972065 -15.740885536577448 -5.339250932161303 -15.861570413541587 44.93916913191026 18.53185992755447 1.6156116406979684 -11.012598821842237
101 909 2.4711439065729497 0 991.5969248220882 -16.363985097161134 -2.730456462443318 -14.618648117459083 45.92745224083156 18.064266175587285 3.413114975362665 -7.1369144314715705
102 918 2.3026262478880817 0 684.3541965177437 -15.144873767290187 -5.36768842144682 -16.01548668618916 45.029243298720495 18.85749019238622 1.0562825825477162 -8.72043200655309
103 927 2.3369813524204055 0 258.6060874429208 -13.2871265405203 -2.339029354531252 -15.65390290637936 45.465423344322836 18.919715297441805 3.3418170257517072 -11.700917234566706
104 936 2.229686731392184 0 193.32770992528137 -13.078416874927983 -2.258048066016043 -15.689709742025405 45.83783054308321 18.496586695870544 3.404647062622558 -10.609712550004812
105 945 2.1223036677011216 0 540.8435379897388 -13.61489773775759 -3.315663511659711 -13.85113918131758 47.15200222522656 17.01030569368817 2.887732287103978 -6.005241314995095
106 954 2.1377674619523117 0 431.2504540532665 -15.111431556438045 -3.835319214064469 -14.515345014951578 46.44404838031575 18.053987240511727 2.4239601245778175 -5.082392096347066
107 963 1.9650372386587336 0 506.35444301473336 -14.611735828364857 -3.266283395397145 -15.140169491403421 45.86259087705281 18.802267634918376 2.0573524418964 -6.695348322108756
108 972 1.7518818176729234 0 489.1066937759308 -15.687496359980411 -4.9834172583965834 -15.594662449419678 45.26288995816268 19.062788884010534 1.194178928566392 -7.0947217982274
109 981 1.8449952035585597 0 214.41095398744858 -15.487108178115466 -4.334334945098491 -13.455750030995787 46.78435859797833 18.410549804188943 1.4456957890852287 -7.4115372379165665
110 990 1.8168172437782557 0 343.97010957937937 -17.487131470349166 -5.035415748927795 -15.737754967885579 44.842534426049085 20.207276041847805 0.45336249463628353 -6.617697562481942
111 999 1.5634591748379016 0 835.610518202162 -16.252599239668974 -5.058618542972633 -14.928575888772082 45.690518458868695 18.318477516505546 1.3866938502998534 -7.357454953776466
112 1008 1.402236471034993 0 357.6146898111256 -16.136278122703448 -5.444266377290958 -14.774381450081705 45.37316947039061 19.672886669504987 0.4352541980743729 -7.0954573978806605
113 1017 1.330529986816698 0 438.5346958067156 -15.605134647332628 -5.940702159742747 -14.37210219034975 46.168363541628715 18.850849169741906 -0.38736226652641725 -7.9237595004254295
114 1026 1.30040908739371 0 308.095375396377 -15.293402018935526 -5.466148422060935 -14.701323662491946 45.626711674103106 19.648042152437547 0.07428446030040349 -8.96443238429457
115 1035 1.4176157635711026 0 250.83197772359813 -14.441387413243682 -4.894741465599502 -14.199668488666184 45.783645019087096 19.745018573224318 0.6985019169207957 -9.145486477953094
116 1044 1.4409818372086156 0 243.87696406128126 -14.680577054671309 -5.376152105112233 -14.638025077219835 44.956986489669376 20.731177154147893 0.4173364718843531 -11.05575921258046
117 1053 1.491495404904393 0 212.7862739745211 -14.8967865910926 -5.23239557467493 -15.31888707006079 43.870296850557686 22.47691245891568 0.5436089776828972 -13.123112613532335
118 1062 1.5552532193184287 0 733.0332022508389 -14.565909294064527 -6.151794398306118 -15.370873740571957 44.56136324944545 21.352590937659347 -0.6529198291292931 -11.852743831960991
119 1071 1.3868048786551532 0 394.9798827416404 -15.151485602599518 -5.722983296265417 -14.932648233908047 45.2156353599743 20.525591511315575 -0.4078445070207995 -11.248314521950064
120 1080 1.2637584423406087 0 311.9746733880725 -13.831465941220387 -5.1906422766717775 -14.378038455089643 45.433254857316314 20.038392901991703 0.8232688631056886 -9.336595103104365
121 1089 1.3106725380868922 0 201.63538772343722 -14.005417679258175 -4.902862558645867 -14.010619454974877 45.58904720217903 20.317442003222748 0.7663534283129531 -9.646379398563791
122 1098 1.2776830252129048 0 166.04908539275382 -15.510510379031155 -4.650571852077675 -14.143863456900595 45.251200897587665 20.831548401193686 1.0930891436213466 -9.677020674783865
123 1107 1.3106208712199483 0 271.99495195297436 -15.19817486416633 -4.456459610748647 -14.311033239580805 45.29670256354619 20.543926641491613 1.1315033580147413 -9.105425197415332
124 1116 1.2844712312273228 0 346.6690652632814 -15.39295174478581 -4.239063627244661 -13.49073596782042 45.817727107849784 20.121864771145933 1.411783687992208 -9.726832426449661
125 1125 1.2263933753496452 0 212.30421031840362 -13.295086583364519 -5.6165129633436255 -14.051803591250884 44.52103447382803 22.131326239695454 0.26126446090537536 -12.682727190675461
126 1134 1.1340313994412963 0 203.13229466895626 -13.763712610235991 -4.967059609940323 -13.747660485894464 45.44830988447408 20.801490622407535 0.7223444516456017 -10.278098644184265
127 1143 1.0113754974934552 0 194.84377892716546 -14.446851771549838 -4.939487241826673 -14.627088042241885 44.54753234677876 21.61410451801926 0.8822153457804189 -10.410187525797216
128 1152 0.9609129311974621 0 161.48986135962406 -15.44310531626784 -5.242277097869256 -15.03695757162107 44.62189021146453 21.151320279872696 0.5519116018631017 -9.739624741861173
129 1161 1.0421871710663142 0 163.3789894955947 -15.064512750832854 -4.426443342109085 -15.37653056224394 44.17889756206355 21.71268950841513 1.3919180458348412 -10.215374777545575
130 1170 0.885821268030135 0 151.11822033351652 -14.592431008949951 -4.21361888789029 -14.554987763044988 45.24834951199122 20.441136442059907 1.5954465139772425 -9.148428376312845
131 1179 0.8378890140092992 0 183.69153659226754 -15.342637399501047 -4.961678145156186 -15.463747226984145 44.10704221692465 21.731443933841973 0.92036676651863 -9.924796778046117
132 1188 0.8208293321442701 0 156.3882126141741 -16.029655375031684 -4.690689633075698 -15.893218530478226 43.75793116441137 22.05296587342331 1.1233898326045593 -9.537114541829013
133 1197 0.735983060122418 0 164.71691138156436 -15.934190959659587 -5.196115953441955 -15.381596409063294 44.14511301240221 21.759288079275365 0.5794492864297638 -10.11078346779601
134 1206 0.687995021934128 0 180.8056917111691 -15.142734015064974 -4.43449102025915 -15.153549179288651 44.245269791316325 21.894404656707458 1.292181087677534 -9.885745022563306
135 1215 0.6677711778775048 0 137.82092891562993 -15.245570292031491 -4.296448814944841 -15.077572072516636 44.61515416609481 21.234325943246763 1.5194677868197006 -9.237789186994627
136 1224 0.6710996174357365 0 139.81609382469375 -15.672014982989669 -4.220080941378403 -15.28870062355182 44.38042568183721 21.503224736772463 1.6169357749652296 -8.523962551184107
137 1233 0.6379742621447553 0 131.3854380250765 -16.096773534587747 -4.364086104851743 -15.354621304932456 44.54186203904426 21.141061841049517 1.4394468537522873 -8.431726033472543
138 1242 0.6395559306323328 0 142.55571821212928 -15.46744189953356 -3.6760672652593795 -14.824781737340752 44.966647083215285 20.86014109599127 2.087064136170261 -7.580347253008615
139 1251 0.6071254596128227 0 151.9184803437494 -15.842249516678853 -4.103188073218911 -14.717658943244867 44.57380117564845 21.639363151571576 1.7303256393433073 -8.110464283830057
140 1260 0.5601085350837648 0 158.67096095908641 -15.68851697204334 -4.2564655745950795 -14.974749019868579 44.70181135300136 21.163052728264734 1.4745540128302148 -8.201169975714286
141 1269 0.5318299170906091 0 134.47280612173324 -15.49222987064512 -3.9820618151077642 -15.469500426887418 44.595761302438895 20.94169135504989 1.8940495257850782 -8.095066951868795
142 1278 0.5643228311298215 0 126.31297250258525 -15.486132906105503 -4.506461408467269 -15.078633086147029 44.96969542514223 20.575105975952177 1.3175606411968976 -7.509867152312361
143 1287 0.5933317854571585 0 139.6389360308834 -15.953955169202498 -4.4548303434033585 -15.444768629846486 44.79705038088075 20.63588020695471 1.325569219751156 -7.287161059399308
144 1296 0.5749356075241127 0 120.54529370962473 -16.477788594185842 -4.4910957082037495 -15.195367908377973 45.21117287678073 20.015491410316624 1.2715058495748612 -6.321833160475616
145 1305 0.4771237818091755 0 129.45597694064622 -16.13158104829396 -4.373099290490795 -15.414784017060848 44.52208782900202 21.114639944354185 1.4392244106930203 -7.8210121718826
146 1314 0.4407830671266583 0 125.12023519321497 -16.18973916003286 -4.65405283169166 -15.205983165126133 44.98561444992579 20.392063381369084 1.141418152871348 -7.13850356625525
147 1323 0.403325414902642 0 116.83722758176437 -16.421505618008545 -4.2284943940053825 -15.2262650818759 45.029470254129315 20.33708650404043 1.6042256696828732 -6.4195490253499585
148 1332 0.4105299508299983 0 115.25609552561849 -16.48254863644894 -4.196194652182299 -15.417595626156547 44.97580893398167 20.303364854038588 1.6280793819368786 -6.1589078142708535
149 1341 0.42866536595034205 0 109.38293332132133 -16.88215417563041 -3.902699813240323 -15.546256211896695 44.965127635672 20.21770932827968 1.9295761223589576 -5.684294379533763
150 1350 0.4728581087975243 0 96.9612612050583 -16.74342476116794 -3.916173303819329 -15.525879998377096 45.21713469021364 19.72064246955533 1.918105919774498 -5.504809004622558
151 1359 0.5045358805484783 0 99.14846863780063 -16.37445697200353 -3.879397516228274 -15.518222915513709 45.128895925325416 19.879964462751516 1.9106679171891074 -6.317100949380056
152 1368 0.5056153051643143 0 95.59835332883287 -16.329231400708153 -3.8732021640293532 -15.692690350580298 45.14163859626791 19.695499462147712 1.9606012766098448 -6.037587315016441
153 1377 0.5319691346498588 0 85.86572273081335 -16.50868823900048 -3.5382644802862844 -15.78030524907351 45.38102052989992 19.21131805618618 2.2314464508064296 -5.11802809945368
154 1386 0.6219392829755008 0 74.70190251234838 -16.669756573668344 -3.4240900276305486 -15.622289163889414 45.75829743219444 18.565302438901213 2.3630609662738555 -4.793920372858079
155 1395 0.7243646431933017 0 64.95300286969456 -17.175621144902358 -3.5712004193553217 -15.720225868986518 46.14227641591313 17.77989790435393 2.1865875153853382 -3.5015460345045977
156 1404 0.8149951172360766 0 41.078951950601756 -16.849660821114835 -3.643589839628563 -16.020807450707842 46.08743248061795 17.58519593170632 2.149863377229401 -3.5708243635491623
157 1413 0.7730447064860273 0 66.00191831506942 -17.00491789037987 -3.7202277224958897 -15.857929168656831 46.079614132388336 17.797377521720623 2.098123280175234 -3.608633777449335
158 1422 0.7905774228022578 0 36.91493721549889 -16.418898945037526 -3.188888558237883 -16.36218769252722 46.14937509555495 17.146847591388312 2.640213105810356 -3.7155123229548632
159 1431 0.8984781511097436 0 19.34478919733618 -16.768343767841383 -3.2755000445348403 -16.598171637638195 46.264997186170845 16.67512439062856 2.5327527108973364 -3.794461586367834
160 1440 0.9854784639062815 0 32.15546314634277 -16.661972129090945 -3.5449587529481774 -16.855230378845427 45.93298239654803 17.054666676655565 2.230778897792513 -3.708249952629672
161 1449 1.0192093209513373 0 38.44018695511299 -15.749712554767328 -3.52011960005152 -16.500144529554458 46.65490695929059 15.960467786875405 2.2501753083315723 -3.2842347163330188
162 1458 0.9230201839593951 0 27.560913584771797 -17.1725779780463 -2.95865799017899 -16.60022080021215 46.34873714542976 16.520652704354482 2.823223684335921 -1.9837319129414246
163 1467 0.8041434819987185 0 43.054647621306984 -16.61760368622581 -3.467214216674792 -16.015114067803598 46.4138584994827 16.9361812447936 2.295404266231612 -3.4115089099141684
164 1476 0.7622573817413542 0 43.22524885405776 -16.932588509433366 -3.2606576252607136 -16.83740574124151 46.888072633582134 15.144479052441547 2.5290525073658996 -1.8688052488272497
165 1485 0.7657243873809431 0 38.571337384932235 -16.866747483294695 -3.5967689582904256 -16.965211624762926 46.45571058254016 15.903436583827554 2.1780782489932373 -2.6503186442624527
166 1494 0.6830301212947941 0 36.038061766259254 -16.674192149913512 -3.358848280876934 -16.599071904332565 46.3668584362155 16.435262786757782 2.4144337019111592 -2.4824582856526782
167 1503 0.615553297547452 0 32.33091316144767 -16.64565179358178 -3.311934431745753 -16.7193034157104 46.63484021950727 15.78593329531656 2.468683023012103 -2.525703388020069
168 1512 0.5923230969542008 0 37.80371692767213 -16.45881869060081 -3.7588853608592068 -16.64272308494468 46.816811924424776 15.500429020867974 2.0287388069412735 -2.035299188117463
169 1521 0.5615949060335556 0 31.010382286318126 -16.10042271042208 -3.7934401959770976 -16.420083668074792 46.368644511482614 16.622315416554944 1.993392596301683 -2.9620247452444595
170 1530 0.5749166707797012 0 31.18138201774366 -15.931326084498078 -3.814534374525017 -16.6576638100722 46.259805448855374 16.616064487790844 1.9915982886231616 -2.9752127485392124
171 1539 0.5857837470982573 0 39.19301091403301 -15.95468565527998 -3.7422291012897704 -16.487534735637944 45.99011171253841 17.314473282483878 2.031565359031646 -3.2747074803229452
172 1548 0.5728410435512239 0 19.487117170722225 -16.839012087205937 -3.184425888141421 -16.636564423226265 46.12787051772485 16.907001883974722 2.627412829407196 -2.4597928469534525
173 1557 0.584236746305965 0 22.474982834480045 -16.251741390384087 -3.4330559514662644 -16.645751577700462 46.478835941827946 16.181189039962632 2.3626857528103895 -1.7826866857795793
174 1566 0.5794431354488808 0 21.47630862759235 -16.228617107636214 -3.4571877259438026 -16.59468392126101 46.33085444024773 16.533105835112593 2.3489005748042 -1.884362796860925
175 1575 0.6023477540188752 0 27.20163167057451 -16.54215014772849 -3.2912925636926484 -16.86034037219359 46.327397933557855 16.294013466155846 2.495143277689099 -1.9358403707260856
176 1584 0.5821521915731225 0 15.722983299232016 -17.202246267685325 -3.0543061321388367 -16.33302805171461 46.525876631566106 16.42297993074763 2.7468518482560547 -1.0015592566175808
177 1593 0.556664508203281 0 18.93058959182179 -16.014897790909036 -3.250067252748896 -16.3172525124008 46.40341860238974 16.66077753573855 2.544738573601153 -1.6746858747607252
178 1602 0.5736431368680672 0 13.416177501219106 -16.705043798866033 -2.986572399536367 -16.468553180168005 46.55511037910733 16.218215981579664 2.8165587335515645 -1.1265113631715091
179 1611 0.5475984424163818 0 20.29670138470238 -17.010058323768263 -3.128309940194446 -16.097279941067512 46.449755262058815 16.790392470598245 2.6725373327825146 -1.2031857056288922
180 1620 0.5389529606867544 0 14.2005733814796 -17.347079725980592 -2.924806094196753 -15.994766589157436 46.92808833584825 15.955015316706687 2.8732342649738456 0.22056809050974058
181 1629 0.5588183765589971 0 21.547516663154536 -17.39943110768405 -2.984030583601287 -16.168575760944336 46.97381721545426 15.672084201641493 2.826951491731745 0.10902605177582625
182 1638 0.5732778250133292 0 22.41355014240001 -17.608221456361 -3.471796676371305 -16.176276231766582 46.53016510887688 16.558028093983694 2.321402237646015 -0.8352365222485401
183 1647 0.6649841784358631 0 18.887564601075457 -18.189395294540102 -3.3843711423266685 -15.896945410632469 46.988788585567434 15.920476481630434 2.4117826768492954 0.6022305920834384
184 1656 0.7744223035607227 0 16.86713746282101 -18.354245146740944 -3.130942854810615 -15.686601668499193 47.08101389163691 15.940035596927318 2.6702792136706264 1.046184016678184
185 1665 0.9020637666425974 0 18.481849940724743 -18.5180745950542 -2.885400264764562 -15.319385011330946 47.58840786605543 15.287331226427073 2.9094679265829955 3.478287837433058
186 1674 0.8433071507670873 0 19.209484964307013 -19.135976507360315 -2.718476727068233 -15.873872670763374 47.25579645034062 15.421251235267786 3.079593867559668 1.808108044255956
187 1683 0.8772555794379426 0 16.846028665822665 -19.53740641618361 -2.9645931474030194 -15.612525500050657 47.53083235239709 15.124947057620014 2.835071420522491 1.838641069099384
188 1692 0.8940860701255186 0 17.112143642682497 -20.00881158457599 -2.9824819753898786 -15.336335745329512 47.646388772607146 15.178565041760478 2.815106411503042 2.8138331720708774
189 1701 0.8391836758690816 0 18.249780021617042 -20.336835495597104 -2.9222135470341875 -15.435474314368314 47.75198816456304 14.853545448681924 2.877064755137946 3.8655891810272314
190 1710 0.709652116710271 0 22.88644097529904 -18.70060483219099 -3.021041274038807 -15.839127058146424 47.25105645945744 15.460257877015707 2.7590345106078047 1.2056088599254955
191 1719 0.5991238866416805 0 15.68753688344422 -19.24700279534947 -2.9655883218546166 -15.662323279255782 47.43893129771388 15.255854276082896 2.8348531352371515 2.086595280024153
192 1728 0.5645848909418815 0 16.68209302049133 -19.71905999273729 -2.7301007263282004 -15.951140005624739 47.179949210431225 15.482524574118811 3.07017764891538 1.8984924215447063
193 1737 0.4951278893192466 0 14.09961593032648 -18.854642718570418 -3.0439705457759048 -15.57880816878284 47.39252668209848 15.430906949155652 2.751855428734573 1.9983583461982464
194 1746 0.4200955539719842 0 16.05459544253088 -19.208849259304703 -2.985772751174189 -15.715043494993255 47.388461566572815 15.306598001059049 2.807682543971213 1.5559496294777648
195 1755 0.3728229166492135 0 13.073930635786912 -19.00245868153617 -2.996346387194365 -15.717099956294826 47.184731617766275 15.712190543308255 2.7981941750835073 1.2156693574032162
196 1764 0.3396198758799387 0 13.32369868824842 -18.902623704667036 -2.786802568005549 -15.881865285479861 47.07953355144756 15.758211904718168 3.007263136380205 1.0501290805823298
197 1773 0.31299814352267175 0 13.704913101713778 -18.806497423750987 -2.9512571023262035 -15.960606319301965 46.98709452347606 15.868325959407567 2.842962304220506 0.7154261733748652
198 1782 0.2773719760843364 0 12.9161792638943 -19.09085725442898 -2.8974316213963873 -15.7033785408187 47.17667165904676 15.738008901702651 2.8965609856401984 1.3951715097830943
199 1791 0.2666854327644389 0 12.189996078665025 -18.608997834713577 -2.9320939907224166 -15.82971886948038 47.083316158199914 15.801166501049963 2.866008584138088 0.8212248254630962
200 1800 0.2551889564204114 0 12.676225912052043 -18.419015160387698 -2.8902588739085364 -15.944798601194885 46.91670965254621 16.017393267194194 2.9022978003160045 0.6112410842736715
201 1809 0.2714996519077273 0 11.995031147408262 -18.42190846925001 -2.8814456373942696 -15.970617638969406 46.920213132104436 15.983717884178734 2.915669990663464 1.068154956473041
202 1818 0.2588918851908496 0 12.34065964456402 -18.3492509414795 -2.851035042021639 -15.953523772453016 46.86677379656553 16.108839407148903 2.9440273776223655 0.7867904112992028
203 1827 0.24953150240920252 0 12.233768653754112 -18.270786571386143 -2.869653591772538 -16.129537197567817 46.7272110715312 16.214883428042594 2.923499047751668 0.13613751900349558
204 1836 0.23955162499580915 0 11.515239554316663 -18.02964139402592 -2.8484538418107492 -16.18067197016881 46.66846219167757 16.278473242772204 2.9486318717055338 0.20551562819171304
205 1845 0.22372183604721674 0 11.635684365884485 -18.519099121683425 -2.8515424752105134 -16.0990088722087 46.811808270082764 16.07527529559095 2.9449632543478144 0.8254265130910452
206 1854 0.20364629624421138 0 11.500042954434939 -18.360857925849125 -2.9202653489654926 -16.15014778791915 46.69323066658118 16.261013893492155 2.876513134643144 0.4441119341514533
207 1863 0.20188537475836452 0 11.296210619683327 -18.34727496601157 -2.9258914352329843 -16.254010169059054 46.60379981442559 16.335036862946477 2.869994097024611 0.1736094906316034
208 1872 0.20260702661296304 0 11.522573088528288 -17.954868688157323 -2.9598021196924362 -16.359122490070696 46.450852788008845 16.536802725262845 2.8366086856232466 -0.030566974157741095
209 1881 0.200801877279047 0 11.307136549800129 -17.882638736362118 -2.9324407287429195 -16.386349287935882 46.44961439053099 16.50963648752517 2.866225086424657 -0.1988936398169209
210 1890 0.18349161623998245 0 11.045915647793759 -17.910659750329156 -2.9286498647146284 -16.365071894026087 46.5002580866183 16.430357056174174 2.8678878896337237 -0.29724252008798957
211 1899 0.18231129323038656 0 10.953064905848594 -17.8197256143081 -2.9223522280007654 -16.461811606022138 46.39732059161013 16.53893815197327 2.8759072722933188 -0.48799871377988235
212 1908 0.21141917432652738 0 10.600795817800426 -17.522842424992042 -2.966959476825242 -16.66683975194229 46.2291415830241 16.67358662998899 2.8314039442746095 -1.066770120560804
213 1917 0.20323509744024096 0 10.605550838099225 -17.544414887744455 -2.8999977236346264 -16.600717980565186 46.244475908070136 16.70762000125884 2.896200751086648 -0.9808479057603122
214 1926 0.21845255790048565 0 10.385570570829145 -17.411186356126866 -2.886370140883655 -16.676403368388705 46.22307960741499 16.67481046043833 2.9125373187293815 -1.0799968822388024
215 1935 0.21832133961512265 0 10.367366076029915 -17.205585327708324 -2.9002283153328663 -16.812610017892922 46.09606925655269 16.791004416181483 2.8992588891997086 -1.409536859888175
216 1944 0.21954349804512976 0 10.378495020873443 -16.97120654626204 -2.856041398152587 -16.695213211035178 46.17345458123032 16.754345654522503 2.9418066859283862 -1.5990900083206925
217 1953 0.22053597293282096 0 10.12700082197546 -16.630070148622096 -2.960955177804587 -16.922714909963798 45.92497844581331 17.024810710832927 2.836897168910052 -2.25162941250532
218 1962 0.23197638108577487 0 9.8312073962114 -16.708078252709253 -2.833184390404529 -17.033938564750933 45.862286805444384 17.039335088575747 2.9647709757855636 -2.3459582987451477
219 1971 0.22236516058430358 0 9.998664122225817 -16.495319858620956 -2.905932447841571 -17.011041112681692 45.870906732563185 17.044199046314915 2.894244393022723 -2.3778550859049896
220 1980 0.2190172878992795 0 9.719828784952885 -16.420029120723537 -2.925145550562512 -17.16946778362426 45.70827502436147 17.208965456094194 2.8732977070141423 -2.693801944198882
221 1989 0.2232749217186118 0 9.428460416763125 -16.14019522117351 -2.940200346416541 -17.30932031971518 45.5399003704376 17.407450200974804 2.8560491783706237 -3.2852680851581013
222 1998 0.24715016451444605 0 8.963471167008397 -16.04654849528435 -2.8534748743540934 -17.496136365750466 45.39051760203435 17.51966503242152 2.942907804466512 -3.708496889320803
223 2007 0.2873003680844063 0 8.765296550164717 -15.802383348604991 -2.8605912713780834 -17.629676017894916 45.289015743658574 17.58949214852522 2.93613982942791 -4.308555783183794
224 2016 0.3378609004414417 0 8.438327264339836 -15.084293298854803 -2.9626548347346455 -18.05362611950894 44.87744333274086 17.988260940723357 2.8359984322345992 -5.3820974820275485
225 2025 0.35603129566501546 0 8.415639587168346 -15.344965490788132 -2.905043795209052 -18.03905520915395 44.86156358259202 18.033194336695786 2.890014066566321 -5.205358025187988
226 2034 0.38294747924958317 0 7.597094413924172 -14.868703751497412 -2.8993261201052802 -18.41762143773835 44.476474489865 18.428411723113484 2.897650089278327 -6.242415550316247
227 2043 0.4330222387481352 0 7.6474058236622895 -13.833704298487248 -2.9638191444822217 -18.798567103420893 44.04242372175278 18.91500349082044 2.83405858002653 -7.204225707958115
228 2052 0.5060751756268151 0 6.349380918153065 -12.140368717232574 -2.9667958752742334 -20.059145110351917 42.820225644171494 20.095169465158076 2.830322271983182 -10.989850591258985
229 2061 0.5588301871359733 0 6.250450331529265 -12.617633849723989 -2.843017026666925 -19.85195112443179 43.053152156428084 19.840204634147547 2.9527892578057817 -10.25127126405146
230 2070 0.6002577784264237 0 5.845731919335063 -11.272810267717412 -2.902728298000727 -21.255303101490842 41.65953505345885 21.224849372217655 2.8912123659121076 -14.01706558542154
231 2079 0.5846394902573316 0 5.711661670499935 -11.736494854257392 -2.8361062860603843 -20.715742822994425 42.17991696629085 20.722847063787288 2.9591239189022955 -12.621111049299408
232 2088 0.5436355072459097 0 5.782280692088775 -11.07187944025235 -2.817859136294789 -20.676181375290568 42.239407961453246 20.641938858965467 2.981144019350096 -12.744343676830981
233 2097 0.5046439861328033 0 4.572078309900572 -9.09498688339731 -2.891466820710127 -22.09451847707467 40.75472067126841 22.194010335320996 2.9048956425339756 -17.493597880434802
234 2106 0.5143693461919168 0 4.540123399781177 -8.0645316938163 -2.9121149198433756 -22.863453991732886 40.00944048185284 22.91808448959394 2.8851830673440793 -19.039688791884387
235 2115 0.5856407738997222 0 3.0390154717302598 -7.07341072546893 -2.8910142704743933 -23.66595996530541 39.25412789319862 23.62337017391683 2.906603064316683 -20.588122961334097
236 2124 0.5717073934415293 0 3.9041806505705674 -7.465650159102018 -2.8924593240250744 -23.18074795115905 39.674330932084466 23.266561134166686 2.905017067420729 -20.21928567132484
237 2133 0.5049754730926546 0 3.920125941837269 -8.476038941197482 -2.9587077338567975 -22.90962751056974 39.98919097803995 22.9106018516156 2.8391186364515875 -18.51820490281802
238 2142 0.47192427824695327 0 4.462958733419382 -8.41271298628464 -2.93957160896377 -23.106218767317824 39.74770340345844 23.197827644995474 2.858007018110121 -19.34374091101179
239 2151 0.47892486361487285 0 4.284092906017323 -5.567150842461081 -2.9142119217007205 -24.735741871331747 38.11658658530953 24.829792006986786 2.8806583538151513 -24.422790164891907
240 2160 0.4472900708566559 0 3.4732740439565277 -8.061023070932599 -2.9067773016846874 -23.257103194898175 39.630705265600845 23.279442098430067 2.889056765223304 -19.761272415853366
241 2169 0.4332807698118149 0 4.167007406903052 -3.844078575358365 -2.8472137292875774 -26.218966622406572 36.68114699493449 26.218420790159946 2.9473558368553983 -28.603688753174154
242 2178 0.39973205408420953 0 2.9294228679580963 -5.779158943772167 -2.9061153219898617 -24.583774746823675 38.31440801797663 24.586607617412323 2.8909833432860443 -24.4035599107331
243 2187 0.368962667434261 0 2.7527833095487777 -5.349881394904681 -2.9078646344020798 -25.06601955608307 37.86645492536927 24.99826872427296 2.889484724411164 -25.24938377633116
244 2196 0.3682209399981388 0 2.1365617537464674 -2.344661912117424 -2.8803381612736603 -26.90118399815081 36.01172761171885 26.87352138075066 2.9159120083445087 -31.003274398060974
245 2205 0.3481794642794792 0 2.7422857015551694 -5.344850788893433 -2.8713948951770023 -24.902237275460244 37.97028647746981 24.95422820196645 2.9253473225740074 -25.314540602856376
246 2214 0.3000066906941128 0 2.304743468490079 -4.001221760565974 -2.895706450417967 -25.898962561436765 37.02191971789137 25.85545351064854 2.902179893221552 -27.76906565557521
247 2223 0.2759489123773738 0 2.1448018063605923 -4.150277939504245 -2.890933216869399 -25.739239056208884 37.1404627243977 25.777677981133888 2.9064762535804802 -27.33351048295595
248 2232 0.27137926347770414 0 2.1481223119660906 -2.0091298220485405 -2.8815775775938097 -27.19429057007924 35.707535057482595 27.18883502014198 2.914310534582828 -32.04974805885502
249 2241 0.27414427582585504 0 1.9707735097382675 -3.6563976604428947 -2.9023946334129715 -26.313526562388137 36.60248537622974 26.27908800970696 2.895657110705672 -28.70709632930946
250 2250 0.264228658879809 0 1.7874313997266966 -2.400150119363082 -2.901350954374546 -26.973176088256537 35.92770075099956 26.96995249807882 2.8957576875227544 -30.790505551299518
251 2259 0.24824933027363869 0 1.5611807997393874 -0.5316061594886012 -2.8894753327121587 -28.00139143880015 34.90090897243767 27.994824832794183 2.9069556921307176 -34.13748037970388
252 2268 0.2137579193210984 0 1.4460236462137517 -1.8804470114972198 -2.913706002212367 -27.32488282015683 35.56903968935819 27.334672876533674 2.8832700232837007 -31.930760150076612
253 2277 0.20941848603692614 0 1.2231472368822145 -0.41041945013161607 -2.8880248676027502 -28.22915397337305 34.66968900283801 28.228610783406946 2.908647858335646 -34.73563604805055
254 2286 0.20173791341141373 0 1.204697619660393 -0.3875059988475138 -2.887480719126389 -28.191604487108556 34.71694638000778 28.172087502794092 2.9098486165212716 -34.55950964680805
255 2295 0.18111996923037227 0 1.2495342493111197 -0.9537381054433508 -2.915730952384689 -28.0025626415252 34.89952527149864 27.996157967744352 2.8817782275334483 -33.76574487063006
256 2304 0.16182322238665778 0 1.1948727095511211 -0.3087011156374858 -2.895482663659015 -28.297854435587553 34.60729162714063 28.285557093000353 2.9017741149394896 -34.97023134184045
257 2313 0.15355099907812184 0 1.1455513421334051 -0.18426581770722827 -2.9148777675605824 -28.497418665944622 34.40773910318934 28.484814857494758 2.882401542678737 -35.43070756006826
258 2322 0.14010918798170943 0 1.024284490979812 0.04446320438370588 -2.893449983693425 -28.53300193176557 34.3628132445506 28.538897450433225 2.903490372021456 -35.68131214485483
259 2331 0.129077873144961 0 0.9464477383063667 0.11754019247128078 -2.8969362720641945 -28.617188189146034 34.28748061226009 28.605168822695433 2.9003716643624644 -35.81509929745723
260 2340 0.1299034283865376 0 1.040719923378832 0.11917192284629458 -2.9004365300235913 -28.686151043221358 34.22005722682604 28.671530893850935 2.8968561896702516 -35.74118040007113
261 2349 0.13841742450684413 0 0.9351645297410243 0.5313105973538998 -2.9128635408564434 -28.925064107727085 33.97376837613953 28.924514811759185 2.8843892811727216 -36.60607840954914
262 2358 0.13598240017721225 0 0.8240033854814877 1.0038958449256759 -2.9011596230112664 -29.179107887773693 33.71651856721065 29.184858771387468 2.8961052417111963 -37.36139104378794
263 2367 0.11980956239436823 0 0.873125520540865 0.2047873507481872 -2.9028911481336936 -28.70862787563118 34.18816571292832 28.712445831458115 2.8944230676288436 -36.01830186746081
264 2376 0.1200457484573482 0 0.8141650474015797 0.570872907635909 -2.900583447682994 -28.983416861358933 33.91737545244271 28.97922698385178 2.896976661575359 -36.72684653275186
265 2385 0.12172064362135888 0 0.7290035116077327 1.196237001311673 -2.9063668599899493 -29.369133921011674 33.53079105155693 29.366602819320246 2.8909567058983896 -37.86098126820429
266 2394 0.14028996538992386 0 0.7027216623444872 1.2389460627842344 -2.9014214016267075 -29.503518719821006 33.396856569925326 29.500234410557027 2.896173933814934 -37.944716722388875
267 2403 0.17718830560703727 0 0.5756495692921633 2.314265125405129 -2.902148533459889 -30.3451827636078 32.5531490177015 30.34563790472647 2.895413653878624 -40.04966395626805
268 2412 0.20253204359712007 0 0.550759749722857 2.8043399735806207 -2.9067868921889217 -30.638064482680942 32.26212794389904 30.635065014886628 2.8903430965169252 -41.04276701379365
269 2421 0.20776611580884752 0 0.7636017525378662 3.448622784719996 -2.890273710993417 -31.018854337294627 31.87597423090364 31.026387363934 2.9064812324255116 -42.5633652730384
270 2430 0.20123083271332468 0 0.5641044508242506 2.689406462568806 -2.907330508574885 -30.657664176485866 32.24087572397039 30.657983426092652 2.8897636768822625 -40.90083218629236
271 2439 0.2010642767402014 0 0.5772465323937521 3.1994485572556823 -2.888941488377461 -30.958153125030666 31.93649372874384 30.966302830586883 2.908602214426852 -42.011371034646544
272 2448 0.20270448791084764 0 0.5130868134100772 3.8899780405959223 -2.8983550557951756 -31.473547571474455 31.42289544905282 31.47782644448006 2.8986928122449536 -43.26314672447625
273 2457 0.1835040713574947 0 0.5099510572436572 4.350880413145794 -2.8909885687770047 -31.653414536986357 31.245770373125787 31.65243820650718 2.906099711890914 -43.936346261574265
274 2466 0.17550552854134535 0 0.49858228205103594 4.950016655969355 -2.9034015382145615 -32.19495685161827 30.7014885035456 32.19926524576722 2.894046230395322 -45.1478208017731
275 2475 0.1671175476762504 0 0.46856900389686695 3.2620235269948044 -2.9007894586488177 -31.18725849752151 31.71069971143918 31.188539018708187 2.896794525485973 -42.242510260935155
276 2484 0.15573106924366859 0 0.5233801683058068 5.063055686328664 -2.902067551345632 -32.26785098832411 30.630403480448546 32.26844624484925 2.8954217383082725 -45.53118296480222
277 2493 0.15629898600545375 0 0.5139726960567804 4.770914941798454 -2.8945868016282152 -32.03657785073295 30.86395273918482 32.03281592812102 2.9024843820808917 -45.02712708303776
278 2502 0.17616707512740198 0 0.5188168003902809 5.269408971330075 -2.8944192590071802 -32.59327152771463 30.305003655923027 32.59395192838139 2.902972861525365 -46.30272089628627
279 2511 0.16086631526549652 0 0.6100304042124178 4.242777851476343 -2.894506164836524 -31.853964474337953 31.04064330629871 31.861712614204883 2.902954143292567 -44.19479974640245
280 2520 0.14616151829283638 0 0.43870577108288394 4.492438810631088 -2.8942093032582017 -32.001330850834975 30.897764472149564 32.00051638926638 2.903031801796477 -44.68172086360642
281 2529 0.13821693955089084 0 0.4265114378901252 3.6668064482909006 -2.894643443508263 -31.400664096860705 31.500418890358997 31.39590492088633 2.9026396733637143 -43.14700017016218
282 2538 0.1431998377335188 0 0.4955373064496342 4.6635693662562865 -2.8899921323671203 -32.092026200877555 30.807746637428394 32.08990846933281 2.9073974768706297 -45.200318876414826
283 2547 0.14251565750358483 0 0.40016151242728787 3.296957309989851 -2.900275415891769 -31.042713434713477 31.85555636299364 31.043606907706984 2.897049168740338 -42.30268424232484
284 2556 0.12789019222938722 0 0.43592237322788774 3.206676909274909 -2.903749917071661 -31.020463184274536 31.877314473090657 31.022385675048113 2.8936218233711477 -42.24451670136192
285 2565 0.10849101372461008 0 0.40653424774782393 3.3323056249394942 -2.9028371395063854 -31.118780139832765 31.779142909248314 31.120298333672384 2.89450045780721 -42.34701556004418
286 2574 0.10019648343645059 0 0.41679391859161086 3.7864293947436227 -2.8962105041120454 -31.538878724733355 31.357762017773098 31.543047510365195 2.9010748247958977 -43.331645377608936
287 2583 0.09669225200233689 0 0.40262267057795786 4.17257807251802 -2.9023527174711887 -31.75089782573237 31.147921001842864 31.75061154863903 2.8949415344444906 -44.0129377152889
288 2592 0.10130635583578418 0 0.40186700729067837 3.5344372853239294 -2.8958410619326296 -31.298090583684175 31.602212663161694 31.29481568484237 2.901575852041538 -42.75826445600063
289 2601 0.09301126878303626 0 0.41540936847240967 3.28688658687775 -2.8981441105625394 -31.136480942806738 31.762728049756735 31.135346466933147 2.8990589666612943 -42.27854155273601
290 2610 0.08508877661313016 0 0.3917172097420031 3.465381494051699 -2.895843806652368 -31.229921851873783 31.669581214986486 31.22827024179545 2.9015515296103196 -42.6007088236413
291 2619 0.07471470694127687 0 0.40287006677227044 3.761526876034891 -2.8959638530114353 -31.41627822867624 31.48411657743468 31.412775200724926 2.9014131412730015 -43.08684753742265
292 2628 0.06925829989361722 0 0.39160809597290375 3.4064301140174718 -2.8982970573195845 -31.1862343329666 31.71133382578188 31.188453691859255 2.8989912167254186 -42.358323669423996
293 2637 0.06666665194151297 0 0.3905866911135493 3.4916150935449157 -2.896976861339142 -31.28862574074061 31.60970436086612 31.289392368051608 2.9003144010548843 -42.67498585627813
294 2646 0.0687389266883946 0 0.3948827504046602 4.074679760524262 -2.8955703367271117 -31.746552154379536 31.152030077415567 31.7467240464899 2.9017528302232907 -43.82293458001047
295 2655 0.06721838207480454 0 0.38438744243409273 3.974093432239917 -2.90061009770857 -31.624758250750332 31.274093491967488 31.62446988285477 2.896730513842467 -43.53848392964931
296 2664 0.058798732063560046 0 0.3823969494381549 3.87317521450406 -2.896461664995361 -31.551167902547782 31.3471738783168 31.551804908452066 2.9008866858113342 -43.39665147066899
297 2673 0.05330597684178854 0 0.38148592329738884 3.5722702994606568 -2.8981990014817 -31.36370499500919 31.53467153883277 31.36423477794675 2.899147806982445 -42.90530317928638
298 2682 0.04830739977457779 0 0.3776487331717436 3.492759103763353 -2.8985553359656375 -31.33036742366952 31.567583054524075 31.331812858495645 2.898786232179562 -42.74671028783751
299 2691 0.04556069256418737 0 0.3772578810533179 3.647239817475768 -2.899200349207246 -31.419767546370394 31.478103588255248 31.421366679738558 2.898174690563108 -43.05525054758708
300 2700 0.04043238263952705 0 0.3741569574766333 3.685966059192016 -2.898163303859774 -31.4485127931299 31.449979250002666 31.44886765025419 2.899190721376088 -43.143349238695805
301 2709 0.03649478738839406 0 0.37623976983693136 3.568009764156602 -2.8997634676206108 -31.346825467766912 31.552050845489976 31.346438832223097 2.897576847135897 -42.88044234908394
302 2718 0.035773650090340996 0 0.3759265221050271 3.6205557441851406 -2.9000305246121436 -31.43723726278815 31.46106453404011 31.43799115387728 2.89733460078895 -43.03734568940944
303 2727 0.034133923079809815 0 0.37562038410657284 3.726804205639169 -2.898546189423016 -31.497862470058642 31.40027120766022 31.498928516812203 2.8988133557110385 -43.21498011344399
304 2736 0.028045204224105398 0 0.3742725796525625 3.621570004990544 -2.898979232492957 -31.406467585532027 31.492086382278604 31.406696786939055 2.898393918713765 -42.97791790060603
305 2745 0.02645807923675158 0 0.3736940486720033 3.6832795465078774 -2.898554495261291 -31.436213404992422 31.462526222224838 31.436088991298362 2.8987850873391636 -43.14032001742011
306 2754 0.025822218277050984 0 0.3738234274251695 3.659757307053885 -2.898421072198967 -31.400288123519612 31.4986076295258 31.399844540622404 2.898936832973509 -43.05751641710789
307 2763 0.025194952030782994 0 0.3740131474606054 3.7625541870224124 -2.89923901415238 -31.467648405612334 31.430818741253976 31.468074221668157 2.898141743704405 -43.223288104001554
308 2772 0.025261528602121847 0 0.3736598352803436 3.8327030472430015 -2.899073136275207 -31.51104724636858 31.387599881275523 31.511110002232083 2.898296046212643 -43.39027005709943
309 2781 0.02582519277647387 0 0.3731816868137251 3.76713005996575 -2.898530004082792 -31.452789375098675 31.44575708416323 31.45305296644006 2.8988280683113783 -43.236510638511376
310 2790 0.025033640017336246 0 0.3735874392544278 3.8221113025642706 -2.8990383321582196 -31.510633270537866 31.38795800867711 31.510812597837642 2.898328299966352 -43.36741441424582
311 2799 0.02271228093123168 0 0.3741260598664539 3.7628318064491117 -2.8994991325941686 -31.45493196345323 31.44388331625702 31.454654674424795 2.897873401423617 -43.24985819449894
312 2808 0.020365990636672802 0 0.3735317662748378 3.741656151147954 -2.899313557603296 -31.434385443753392 31.464263237234142 31.434446740800873 2.898049721517143 -43.19935549887097
313 2817 0.0214272301316612 0 0.3732841650424624 3.7580120614411783 -2.898961816817341 -31.434396143860322 31.4641287618471 31.434707152843284 2.8983949998861798 -43.242332058891094
314 2826 0.01907806916979317 0 0.3736273810001809 3.7482926720064875 -2.8993151134091866 -31.44306683832768 31.455614185361927 31.443056724283387 2.898044896369447 -43.21223598028324
315 2835 0.019681544914690947 0 0.3732872375762276 3.7752177467579298 -2.898710208515456 -31.431674089393802 31.46687365409425 31.431930602160598 2.898657388321743 -43.204780644676305
316 2844 0.017405761567751095 0 0.3733314065273362 3.7415763844984298 -2.899119621684137 -31.445491506538286 31.453152147940717 31.445564232179706 2.8982347306372587 -43.19628288229393
317 2853 0.01710519700066649 0 0.3731662564062992 3.802331052803246 -2.8985912815633053 -31.480087606877234 31.418532754668938 31.480205496568946 2.8987667222741833 -43.286867410235516
318 2862 0.015551390182134653 0 0.3733758968088797 3.7813786863455037 -2.8988315206362123 -31.433636168401968 31.46520304316601 31.433308858310646 2.8985245993111874 -43.21315923939895
319 2871 0.014207819293554727 0 0.37306357971497606 3.7750038337275202 -2.898730238677504 -31.460283468506933 31.43846244144688 31.46015597864156 2.898628549107636 -43.236210143119486
320 2880 0.013229317378073214 0 0.3731412198501203 3.817889709447878 -2.898485797928067 -31.4560498652722 31.44250160637588 31.456308971083445 2.898876166686463 -43.25339022309468
321 2889 0.011963095820011939 0 0.3731684152534272 3.796031409260086 -2.898620912529822 -31.46781654272345 31.430955340084928 31.467632223983127 2.8987492511824255 -43.26434970033065
322 2898 0.011402106413932049 0 0.3731011982670352 3.780795434366567 -2.898524407892292 -31.4462230796809 31.45252519681278 31.44609205522799 2.89883303777874 -43.206651018162226
323 2907 0.010037248242788132 0 0.3730217988699273 3.793836898494269 -2.898685536364289 -31.453145280496233 31.44554006418824 31.453134813589717 2.898674597243067 -43.22508423083017
324 2916 0.008830677879626892 0 0.3730394776008267 3.7929402890228827 -2.898554536282272 -31.451711492879287 31.446962878802704 31.45172441944046 2.898804865190182 -43.23356565236553
325 2925 0.007888678714748796 0 0.3730328334880256 3.781880220539118 -2.898755370683012 -31.439637238866048 31.459017667052954 31.439691998087177 2.898606229927877 -43.21261830047397
326 2934 0.007436562985771613 0 0.3730565464672159 3.765535525631798 -2.8985511095668146 -31.43301495854694 31.465686501607195 31.432975376915973 2.8988115329838524 -43.188731026045204
327 2943 0.006424795545380344 0 0.37301185135617965 3.7848523106797614 -2.8986354871944795 -31.45042690953719 31.448244249652642 31.45044792416855 2.8987264456118855 -43.223241470650436
328 2952 0.00605474009278658 0 0.3730124971202168 3.7832084914564996 -2.898686396539589 -31.455414934450342 31.44325617559036 31.455434615619524 2.8986765394315217 -43.22904153235719
329 2961 0.0056108288810707875 0 0.37302739574142013 3.7903438082168877 -2.8987390641585735 -31.4504952314056 31.448150985300718 31.45056246571002 2.8986233460152757 -43.22600109087298
330 2970 0.005236513159151782 0 0.37302054039065113 3.798960301487311 -2.898681335870956 -31.458773673026702 31.43989494432381 31.458797596631094 2.8986802503354814 -43.247964674072506
331 2979 0.0048684564574070464 0 0.3730249674835078 3.799237917988497 -2.898735244643219 -31.45356900383431 31.44506469361001 31.45366442289413 2.8986265359047447 -43.23834329741865
332 2988 0.004710750451991369 0 0.37302842831286903 3.7876695643658 -2.8987009037701057 -31.449610125679595 31.449077988253237 31.449593594174026 2.8986584899641206 -43.21504859083165
333 2997 0.004446570088015214 0 0.37301710833503693 3.797843573594068 -2.898726124930147 -31.45070628540657 31.447975645220478 31.450703978695035 2.8986342261227733 -43.22617111887477
334 3006 0.0037349530232701827 0 0.37301592271832246 3.7928651487828886 -2.8987255644101855 -31.45292545463348 31.44573185940101 31.452972316764164 2.898636342594214 -43.22071730705781
335 3015 0.003508199627840006 0 0.37301322906134937 3.7870495277180947 -2.8986392951527096 -31.445196501368148 31.45348125269356 31.445203240801835 2.8987220892113386 -43.21005632733263
336 3024 0.003262301985854535 0 0.3730111530510155 3.787295636910778 -2.8986370659677223 -31.449358361886567 31.449326134855905 31.44935114387714 2.898725989538695 -43.214813660102976
337 3033 0.0030050062169394995 0 0.373013069125742 3.794878643238991 -2.8986623463470784 -31.45341036231748 31.445262106579417 31.45342655749811 2.898700799683166 -43.2240031722712
338 3042 0.0026930534806960224 0 0.37300949632768277 3.7905666141740344 -2.8986712561782495 -31.452069798893884 31.446602680439568 31.45208701869084 2.8986919757356233 -43.217341608279284
339 3051 0.002761299512999888 0 0.3730089736842495 3.78967655164207 -2.8986952982605425 -31.447965857114593 31.450720517395663 31.447956227862758 2.8986666248603985 -43.21711306330988
340 3060 0.002745221499314409 0 0.3730111330128822 3.7992023289289696 -2.898701406838101 -31.449939566447984 31.448754445507905 31.449915527585375 2.8986607557173083 -43.2249196373814
341 3069 0.0025213069265135972 0 0.37301113919885276 3.7938739240256343 -2.898693885509102 -31.450873725357734 31.44782963288552 31.450830524643546 2.898669126500504 -43.21970401727516
342 3078 0.0022852752689531005 0 0.37301117400854006 3.7910423725685667 -2.898706269840664 -31.44874587078948 31.44995128210559 31.448715255860577 2.8986557963867976 -43.21308175448034
343 3087 0.002217134385652336 0 0.37301006757714017 3.7962121214848654 -2.8986758434985083 -31.453227197083088 31.44545861986319 31.453218607018634 2.898686011878694 -43.2227466766184
344 3096 0.0019733198527816095 0 0.37300845068003047 3.7923724209626726 -2.898701616749278 -31.45005477659584 31.448630582833733 31.450047234389196 2.898660985386172 -43.216696586294056
345 3105 0.001821014559030426 0 0.3730085594064212 3.790722077606717 -2.8986691804462326 -31.446917852809033 31.45176232925552 31.446919921690423 2.8986930183691015 -43.21012609421849
346 3114 0.0016511530932363273 0 0.3730079736028524 3.7883345485682587 -2.8986683185664184 -31.44786654108569 31.45081559403756 31.447865027286138 2.8986944005004136 -43.21243753459878
347 3123 0.001607386400484081 0 0.37300805973962814 3.7944731278872488 -2.8986783269756735 -31.450851903879556 31.447823777272042 31.450863511852795 2.8986842223089235 -43.22343477460747
348 3132 0.001621273784818383 0 0.3730077188893443 3.7903474662466965 -2.8986783003693826 -31.449209265434646 31.449468333346545 31.44921645082184 2.8986842244354944 -43.2190021983822
349 3141 0.0014439725206443885 0 0.37300790074906204 3.7911754818877736 -2.898675806471746 -31.448912655232075 31.44976252155584 31.448925152574233 2.898686588830259 -43.21841121861892
350 3150 0.0012306476937727258 0 0.37300818947466363 3.7921642193080114 -2.89868512695646 -31.44841790369751 31.450254461143146 31.44843580469205 2.8986771470362 -43.21720808711892
351 3159 0.0011296180627283561 0 0.3730078143217158 3.792425788039052 -2.898684382556176 -31.448860853413656 31.449820643923864 31.44886064916648 2.8986778298670495 -43.21783282255964
352 3168 0.001129176943282754 0 0.3730078564988034 3.7928874514046913 -2.89867394702852 -31.448920408003104 31.449767465740614 31.448907299984157 2.8986885542758807 -43.22135252681695
353 3177 0.0010425203715516305 0 0.373007652051756 3.793707056185292 -2.8986800300580247 -31.450053874214987 31.44862643723167 31.450055777889833 2.898682432671351 -43.22197975593398
354 3186 0.0008788630161701557 0 0.3730076627017415 3.794516659366843 -2.8986770071378287 -31.450304719930582 31.448377821043554 31.450302335336588 2.898685600303142 -43.22263548618321
355 3195 0.0007974554624714464 0 0.3730076338373772 3.7928884394961084 -2.8986775176502526 -31.449592810255652 31.449087335607626 31.44959500195315 2.8986849601388203 -43.22230626775235
356 3204 0.0007508252618946134 0 0.3730076209277031 3.792915838450872 -2.8986787981279516 -31.449716424695506 31.448963486700837 31.449719343939528 2.8986840469724795 -43.2207283071224
357 3213 0.0007392996357143509 0 0.3730076822233145 3.793556996608809 -2.8986889365322663 -31.448973640515945 31.449707559689205 31.448974105274193 2.898673607117184 -43.22010979909459
358 3222 0.0006807144132431349 0 0.3730075899929478 3.7935860322669877 -2.898679620463162 -31.449135453866557 31.44954580544889 31.449135796663835 2.898683078153785 -43.22042385030551
359 3231 0.0006292661632757027 0 0.37300762163791035 3.791744893767665 -2.8986825342282887 -31.448918049578243 31.449764960581476 31.448914540507545 2.89868022341429 -43.21966045208281
360 3240 0.0005519926474302544 0 0.3730075752249234 3.7939275771590952 -2.8986795195414494 -31.44935644674239 31.449324420453394 31.449357544313038 2.8986831126344024 -43.2210377038088
361 3249 0.0004642160717275893 0 0.3730075677731484 3.7936809470020303 -2.898678171199013 -31.449605716750515 31.44907451601874 31.449607896865203 2.8986844236104377 -43.22110395598539
362 3258 0.0003968240298782631 0 0.37300755118307616 3.7928714799261942 -2.8986823790362757 -31.449302552863404 31.44937825674471 31.449303531256557 2.8986802127929034 -43.220448821205615
363 3267 0.0003602337764564464 0 0.373007549574214 3.793092005832304 -2.8986805731629404 -31.44908812128629 31.449592929786537 31.449088661746035 2.8986821039007817 -43.220080149060266
364 3276 0.0003476475869165445 0 0.3730075506834594 3.792496581823104 -2.8986839184202564 -31.449449670538662 31.449232016904347 31.449448958490702 2.8986787532337424 -43.219257122131175
365 3285 0.00033002041386075344 0 0.3730075535300348 3.792186934399544 -2.898683435992598 -31.449521654251704 31.449159538907782 31.4495218787756 2.898679231196068 -43.21881713742341
366 3294 0.000303801683828739 0 0.3730075433874663 3.793169184633198 -2.8986822548440436 -31.44944985089339 31.449231324009183 31.449450196873435 2.898680373915276 -43.22011447447069
367 3303 0.0002715954913958146 0 0.37300754097121686 3.793067636020939 -2.8986815659271024 -31.449404893434693 31.44927623056428 31.44940530601353 2.8986810645422905 -43.219932770784936
368 3312 0.0002625650188412982 0 0.3730075442166578 3.792492570467681 -2.8986802830934146 -31.449220503188783 31.449461241680286 31.44921970894222 2.898682353770902 -43.218700515077515
369 3321 0.000277549880997024 0 0.37300754541472897 3.792787696981502 -2.8986824653308423 -31.449342114461057 31.449339259265145 31.44934209607962 2.898680174083106 -43.21864495233053
370 3330 0.00028266964238118605 0 0.37300754438036376 3.7922654185387428 -2.8986824295811595 -31.44926971010655 31.44941139763624 31.449270204518392 2.8986802400975455 -43.21773441574098
371 3339 0.0002824363089154342 0 0.37300754906012573 3.792049468014007 -2.8986831225452447 -31.449213882319356 31.449467818538924 31.449213163751867 2.898679574283775 -43.21818053454432
372 3348 0.0002645987652368603 0 0.373007547497154 3.7925397367232367 -2.8986818786875967 -31.449531431708806 31.449150099364246 31.449530988086057 2.89868077593689 -43.21936613575165
373 3357 0.00024805432169508495 0 0.3730075428215315 3.792351342507431 -2.898681981072952 -31.449377392688312 31.449304375207582 31.449376499976957 2.8986806439060504 -43.21846573435738
374 3366 0.00023075636293441533 0 0.37300754383434165 3.792610314847075 -2.898682722523975 -31.449438941074018 31.449242277822957 31.449439170989663 2.8986799015731908 -43.21880456819167
375 3375 0.00021177068908536834 0 0.37300754292648564 3.792413612075806 -2.898680319336059 -31.44940686833904 31.449274896498125 31.44940599568737 2.89868231086534 -43.218681719585696
376 3384 0.0001847229244713745 0 0.37300754348606596 3.7924112191298156 -2.898682297666907 -31.449445275995412 31.449235664692974 31.449446044301702 2.8986803529080793 -43.21852729648471
377 3393 0.0001739070528636293 0 0.37300754329853225 3.7925177300741693 -2.8986825588620326 -31.449405310113484 31.44927602770798 31.44940529879033 2.8986800554699395 -43.21902627486041
378 3402 0.00019351624000439637 0 0.3730075427308016 3.7922138609783893 -2.8986825709349904 -31.44933393996724 31.449347109167316 31.44933453163648 2.898680067477883 -43.21866046766365
379 3411 0.00018768665419896836 0 0.37300754309441847 3.791994687049539 -2.8986822005612507 -31.449362149430154 31.44931967080698 31.44936120428889 2.8986804274365117 -43.21752496002636
380 3420 0.0001640437859583379 0 0.37300754145317894 3.7925336243679983 -2.898681677889635 -31.449350108764055 31.449331671273942 31.449349212757557 2.898680950159084 -43.21924849692198
381 3429 0.00014840636165761148 0 0.3730075403653222 3.7921482072769748 -2.8986810880735385 -31.44933496576408 31.44934654592125 31.449334603354526 2.898681548014327 -43.218474162134775
382 3438 0.00013132538590408528 0 0.373007540475368 3.792335203018453 -2.898681134942341 -31.449354105317372 31.44932728536384 31.44935398380888 2.8986814923498856 -43.21851391410966
383 3447 0.00012388673518106305 0 0.37300754005901904 3.7919731252434974 -2.8986811623780557 -31.449332283981928 31.44934912713721 31.449332127060277 2.8986814823172047 -43.218003569210516
384 3456 0.00011000258469245389 0 0.37300754033048317 3.7922432987352055 -2.898681377822891 -31.449366453749512 31.44931480406015 31.449366600161383 2.898681253202951 -43.21837102623964
385 3465 9.742997708249742e-05 0 0.3730075402776056 3.7921332679582362 -2.8986814501707276 -31.44934905666015 31.449332173015737 31.44934926831981 2.8986811799107577 -43.21814319390774
386 3474 8.619984189291216e-05 0 0.3730075403151362 3.7921778351353135 -2.898681358418675 -31.44933815408079 31.4493433245916 31.449337879785993 2.8986812774481323 -43.21820764305692
387 3483 8.332589173622239e-05 0 0.37300754043675605 3.7920949137279716 -2.898681335117037 -31.449305362781654 31.449376090497182 31.449305138891873 2.8986812990191786 -43.218046571645516
388 3492 8.418398661561118e-05 0 0.3730075400618925 3.7921401888060093 -2.898681118986405 -31.44933669569001 31.44934470873811 31.449336561532554 2.8986815305257134 -43.2181396634635
389 3501 7.388316116431415e-05 0 0.3730075401720323 3.792139326105303 -2.8986813364711037 -31.449332555577172 31.449348806940723 31.44933251449026 2.898681304243319 -43.21808306509631
390 3510 7.752505478485394e-05 0 0.3730075401145145 3.7923352022880223 -2.8986813096785946 -31.449347972019325 31.449333271604992 31.44934816558387 2.898681338671802 -43.21838399459468
391 3519 7.804078702357262e-05 0 0.3730075399958841 3.7922507376376027 -2.898681380221091 -31.449329169128152 31.449352142269003 31.44932922046347 2.8986812611434356 -43.218261111536826
392 3528 7.66623222680896e-05 0 0.37300754022368404 3.7920093156866757 -2.8986813437768317 -31.449340815546876 31.449340400485667 31.44934104148846 2.8986813030038614 -43.218061369967714
393 3537 7.344690384314731e-05 0 0.3730075401530181 3.79230459932494 -2.898681417043108 -31.44937502151407 31.449306197395156 31.449375257254992 2.8986812279953003 -43.21829915520414
394 3546 6.44334613345978e-05 0 0.37300754020386995 3.7922359807845143 -2.898681361399639 -31.4493641661215 31.44931717202772 31.449364150511904 2.898681274457649 -43.21828026501526
395 3555 5.725383990085684e-05 0 0.3730075400659602 3.7922379389433587 -2.898681440245666 -31.449344414383688 31.44933678188028 31.4493446936359 2.8986812039716714 -43.218021825820486
396 3564 4.956987056328063e-05 0 0.37300754012506676 3.792285763918115 -2.8986812683873304 -31.449368205420917 31.449313029549437 31.449368400311293 2.898681377181796 -43.21823163123609
397 3573 4.248264335437438e-05 0 0.373007540006418 3.792206166843949 -2.8986813683755828 -31.44934732159627 31.449333997866297 31.449347349190504 2.8986812715054793 -43.218158159829265
398 3582 4.160334665548958e-05 0 0.3730075399955597 3.792230169040273 -2.898681297803034 -31.449355218389393 31.449326135773738 31.44935517739821 2.898681348332721 -43.218238373966706
399 3591 3.7657418651837734e-05 0 0.3730075399696591 3.792197770331546 -2.898681385897776 -31.449341977807634 31.449339356462723 31.449341977145224 2.898681257776452 -43.21814447420382
400 3600 3.745796112932181e-05 0 0.3730075399686196 3.792280104794574 -2.8986813871172727 -31.449346632735132 31.44933468820998 31.449346659499135 2.898681256786413 -43.218316689711926
401 3609 3.814753271168424e-05 0 0.37300753998478414 3.7922933352021215 -2.8986814544553985 -31.449348368317995 31.44933299468409 31.44934831369537 2.898681192013978 -43.218362093228414
402 3618 3.7941337165399334e-05 0 0.3730075399951137 3.7923146673622625 -2.89868139067787 -31.449358071691307 31.449323285556037 31.449358026426225 2.8986812550493704 -43.21840117055166
403 3627 3.064451988522416e-05 0 0.3730075399712285 3.7922572364262317 -2.898681418511613 -31.449348671709327 31.449332654309558 31.44934868955962 2.8986812257856713 -43.21824620951805
404 3636 2.7954311112056046e-05 0 0.3730075399696167 3.792161722764118 -2.898681328076334 -31.44934354418774 31.449337800647246 31.449343524029388 2.8986813199580284 -43.218112277687126
405 3645 2.8019913998402934e-05 0 0.37300753998261155 3.7921547545946357 -2.8986813545043777 -31.449347092090544 31.449334267041074 31.44934704069104 2.8986812908946633 -43.218132416308
406 3654 2.452852653142195e-05 0 0.3730075399692442 3.792194377543474 -2.8986813195375416 -31.449351039679144 31.44933031751973 31.449350995060662 2.898681323522907 -43.21819649494296
407 3663 2.113975092490035e-05 0 0.37300753997432823 3.7922274250198793 -2.898681330801835 -31.44935284755367 31.44932851927466 31.44935278364018 2.89868131470317 -43.218193714245196
408 3672 1.9459833968625167e-05 0 0.3730075399741428 3.7921806052318074 -2.898681300962849 -31.449344079548645 31.44933729747714 31.449343993761598 2.8986813448740696 -43.21816313254321
409 3681 2.0410581393504516e-05 0 0.37300753996567093 3.7922251139440117 -2.8986812625682283 -31.449341427779608 31.449339906786047 31.44934142707797 2.8986813828949325 -43.21827627054705
410 3690 1.968820159413916e-05 0 0.37300753997264585 3.792171385103695 -2.8986813034095547 -31.449342338117166 31.44933899764915 31.449342335512082 2.8986813446830695 -43.21813051047158
411 3699 1.9735337167848417e-05 0 0.37300753995301006 3.792196115178005 -2.8986813294816427 -31.44934061803988 31.449340724308993 31.449340603507736 2.8986813147792687 -43.21817419322407
412 3708 1.9174277122968327e-05 0 0.37300753996030145 3.7922242976505727 -2.898681357345823 -31.44933688648311 31.449344416071366 31.449336951901003 2.8986812879053074 -43.21824476679968
413 3717 2.1512180861644122e-05 0 0.3730075399552904 3.792181328198031 -2.898681323295879 -31.449339451445816 31.44934188874046 31.449339444015134 2.8986813208511086 -43.218166596372164
414 3726 2.149270192507748e-05 0 0.37300753995741853 3.792203121949335 -2.898681376323163 -31.44934089781342 31.44934044015689 31.449340894344697 2.898681269465244 -43.21818006874373
415 3735 1.9152680119748367e-05 0 0.37300753995741304 3.792218956828537 -2.898681382143067 -31.44933951867382 31.44934182164469 31.4493395085864 2.898681263523611 -43.218232772029985
416 3744 1.712562734124577e-05 0 0.3730075399598112 3.7921770485095747 -2.8986813545294554 -31.449338467839205 31.449342880823398 31.4493384400593 2.898681291581834 -43.218199616076824
417 3753 1.4637574611623786e-05 0 0.37300753995618396 3.7922116972203845 -2.8986813553808073 -31.44934278221916 31.44933854519103 31.449342797052697 2.8986812889329876 -43.21822762581463
418 3762 1.4232345603114444e-05 0 0.37300753995423785 3.792169230608425 -2.8986813583764066 -31.44933729683008 31.449344035493173 31.44933730391747 2.8986812863068177 -43.218151897058334
419 3771 1.3444024038583709e-05 0 0.37300753995328656 3.79218238581937 -2.8986813357343264 -31.449337470646828 31.4493438558634 31.44933748872128 2.8986813095843544 -43.2181762102812
420 3780 1.2333704971196754e-05 0 0.3730075399542384 3.7922065192856924 -2.898681342006601 -31.449342618193924 31.449338707071675 31.44934263776959 2.8986813030819674 -43.21821542610092
421 3789 1.0908151954910185e-05 0 0.37300753995175795 3.7921731306155224 -2.898681340593614 -31.44933965377145 31.44934168233984 31.449339652897713 2.8986813042802084 -43.21815382267633
422 3798 9.24573825565136e-06 0 0.37300753995171143 3.7921887899600617 -2.898681329800732 -31.449340599999143 31.449340736879456 31.4493405973545 2.898681315489276 -43.21817961863181
423 3807 8.868503182657691e-06 0 0.3730075399515992 3.7921920454686533 -2.8986813222870644 -31.449340403563713 31.449340933895325 31.44934039936666 2.898681322565073 -43.21818660139864
424 3816 9.263767488349001e-06 0 0.373007539952175 3.792193967593748 -2.898681323852206 -31.44934149720169 31.44933982538612 31.449341523120697 2.8986813207152915 -43.21817154212588
425 3825 8.992697770555992e-06 0 0.3730075399519523 3.7921685154146507 -2.8986813314073276 -31.44933905440271 31.449342280065025 31.449339056140406 2.898681313172957 -43.21816946844256
426 3834 8.87382619422649e-06 0 0.37300753995172664 3.7921737292143476 -2.898681316907629 -31.449342524335997 31.44933881547398 31.449342516020515 2.8986813279818504 -43.21816057790103
427 3843 8.328938057150316e-06 0 0.3730075399516434 3.7921818887380954 -2.898681334897327 -31.4493401222487 31.449341208715527 31.44934013127989 2.8986813097907045 -43.21817793566982
428 3852 7.753633334776298e-06 0 0.37300753995215 3.792178825109032 -2.8986813406323724 -31.449341798112158 31.449339531491805 31.449341809971752 2.8986813036689334 -43.218175050750915
429 3861 6.834670156940556e-06 0 0.3730075399517732 3.7921772749954568 -2.8986813222606913 -31.449340628295896 31.4493407014277 31.449340639505238 2.8986813224189687 -43.218159271656475
430 3870 5.966652765068974e-06 0 0.3730075399514078 3.792183796670664 -2.8986813148189134 -31.44934130527742 31.449340031560453 31.449341302619885 2.898681329816807 -43.2181881804303
431 3879 5.4994489846421755e-06 0 0.37300753995133257 3.7921703547014873 -2.898681327188281 -31.449340576149034 31.449340758738792 31.449340577808076 2.8986813177031148 -43.21815639461565
432 3888 5.1323831885090445e-06 0 0.3730075399513752 3.7921742875444338 -2.898681326366824 -31.449339919590837 31.449341417255543 31.449339917385135 2.8986813182964597 -43.218174336033236
433 3897 4.823198726882771e-06 0 0.37300753995141456 3.7921638714912382 -2.898681326228472 -31.449340484460137 31.449340847396964 31.449340491733413 2.8986813186048925 -43.21814736441005
434 3906 4.486276778361177e-06 0 0.3730075399513581 3.7921682738897946 -2.8986813296384253 -31.449340410658426 31.44934092349333 31.44934041347983 2.8986813152513604 -43.21816577148287
435 3915 4.358258367013433e-06 0 0.37300753995137614 3.792158671719592 -2.898681324880556 -31.449339528132985 31.44934180708161 31.449339529036106 2.8986813198430244 -43.21814777955843
436 3924 4.364124463663257e-06 0 0.37300753995132385 3.7921572114060558 -2.898681328488656 -31.449340092866848 31.449341242275988 31.449340093874483 2.8986813163228384 -43.21814663892408
437 3933 4.201749367463109e-06 0 0.37300753995128827 3.792157489285198 -2.8986813246383276 -31.4493401733189 31.44934116209165 31.44934017375971 2.89868131992674 -43.2181475188525
438 3942 3.7770506229288305e-06 0 0.3730075399513413 3.7921565492219744 -2.898681320308679 -31.449339745352013 31.449341588990364 31.449339747824855 2.8986813245019403 -43.21814395498119
439 3951 3.398765758986319e-06 0 0.37300753995130065 3.7921562256416634 -2.8986813216517744 -31.449340456024604 31.44934087951678 31.449340456307123 2.898681322886781 -43.21814892730468
440 3960 3.0520784382489657e-06 0 0.3730075399512674 3.792163362554381 -2.8986813238402864 -31.44934087973438 31.44934045689936 31.449340877618344 2.898681320735809 -43.21816075088096
441 3969 2.8052206909767503e-06 0 0.3730075399512947 3.7921553976385036 -2.898681322372678 -31.44934046059425 31.449340874227097 31.449340462383894 2.8986813224547214 -43.21814181989016
442 3978 2.5805553899866496e-06 0 0.3730075399512534 3.7921585718508113 -2.8986813206617468 -31.449340419936423 31.44934091686703 31.449340417605512 2.8986813241535203 -43.21814635553163
443 3987 2.281201230694831e-06 0 0.3730075399512432 3.792158032424325 -2.8986813205985 -31.449340479547544 31.449340855478095 31.449340480744734 2.8986813240681912 -43.218146511946145
